,frame_num,environment,places,imdb_id
0,0,indoor,"clean_room (0.4049001), museum/indoor (0.07334703), locker_room (0.051228996), shower (0.047972117), bathroom (0.02971253)",34637
1,24,indoor,"basement (0.16914058), jail_cell (0.13343376), shower (0.06160578), elevator/door (0.03295803), archive (0.02683993)",34637
2,48,indoor,"lecture_room (0.30565274), conference_center (0.16119906), classroom (0.09352144), museum/indoor (0.070599034), booth/indoor (0.03756043)",34637
3,72,indoor,"museum/indoor (0.216973), archive (0.12572172), natural_history_museum (0.098432355), clean_room (0.08105022), drugstore (0.04517388)",34637
4,96,indoor,"museum/indoor (0.212445), archive (0.20566209), natural_history_museum (0.14091434), drugstore (0.09183009), clean_room (0.07666086)",34637
5,120,indoor,"museum/indoor (0.2934897), archive (0.21241343), natural_history_museum (0.17234851), drugstore (0.05927917), clean_room (0.045665804)",34637
6,144,indoor,"museum/indoor (0.38329434), natural_history_museum (0.38213915), science_museum (0.07582221), archive (0.05486394), clean_room (0.01859649)",34637
7,168,indoor,"museum/indoor (0.23898911), natural_history_museum (0.1973388), archive (0.10974157), clean_room (0.096834034), drugstore (0.07581356)",34637
8,192,indoor,"natural_history_museum (0.2712606), museum/indoor (0.18483798), clean_room (0.14533761), science_museum (0.07147641), archive (0.04559372)",34637
9,216,indoor,"museum/indoor (0.335849), natural_history_museum (0.16350763), clean_room (0.09996651), archive (0.09787568), drugstore (0.05275965)",34637
10,240,indoor,"museum/indoor (0.3387866), natural_history_museum (0.15333451), archive (0.11517205), clean_room (0.06835181), drugstore (0.05343391)",34637
11,264,indoor,"museum/indoor (0.35543382), natural_history_museum (0.2910477), archive (0.0840513), science_museum (0.06282659), clean_room (0.05134211)",34637
12,288,indoor,"museum/indoor (0.27139297), natural_history_museum (0.18052825), archive (0.1387224), clean_room (0.0904843), drugstore (0.05907606)",34637
13,312,indoor,"museum/indoor (0.29363686), archive (0.15512833), natural_history_museum (0.15037632), clean_room (0.06987049), drugstore (0.06810324)",34637
14,336,indoor,"museum/indoor (0.32295004), natural_history_museum (0.21325712), archive (0.17227548), clean_room (0.04777175), science_museum (0.041240577)",34637
15,360,indoor,"museum/indoor (0.19348669), drugstore (0.1363052), natural_history_museum (0.12994419), archive (0.08940828), clean_room (0.054905724)",34637
16,384,indoor,"drugstore (0.2371768), archive (0.1317649), pharmacy (0.0976451), museum/indoor (0.08761594), natural_history_museum (0.0836601)",34637
17,408,indoor,"museum/indoor (0.22469494), archive (0.22282647), natural_history_museum (0.18026616), drugstore (0.07317442), jewelry_shop (0.03321563)",34637
18,432,indoor,"museum/indoor (0.3765492), natural_history_museum (0.2740371), archive (0.117190965), science_museum (0.046178494), drugstore (0.032831945)",34637
19,456,indoor,"museum/indoor (0.46284738), natural_history_museum (0.14065278), science_museum (0.11641527), archive (0.049809538), clean_room (0.04733946)",34637
20,480,indoor,"museum/indoor (0.45379612), clean_room (0.12907264), conference_center (0.06264288), booth/indoor (0.04697578), lecture_room (0.041904025)",34637
21,504,indoor,"museum/indoor (0.37599266), conference_center (0.13804665), lecture_room (0.097890474), hospital (0.089199424), hospital_room (0.03470004)",34637
22,528,indoor,"ice_shelf (0.20946403), hospital (0.18805264), drugstore (0.110455394), pharmacy (0.09207733), hospital_room (0.03705571)",34637
23,552,indoor,"ice_shelf (0.21178724), hospital (0.15038773), drugstore (0.08648124), museum/indoor (0.069637306), beauty_salon (0.06569334)",34637
24,576,indoor,"ice_shelf (0.1669852), beauty_salon (0.11271953), hospital (0.10240927), drugstore (0.10204251), pharmacy (0.07311292)",34637
25,600,indoor,"reception (0.15526584), beauty_salon (0.10845599), ice_shelf (0.08731839), hospital (0.08442584), drugstore (0.08195359)",34637
26,624,indoor,"reception (0.17546335), beauty_salon (0.16404594), hospital (0.07810555), pharmacy (0.07809475), drugstore (0.07595994)",34637
27,648,indoor,"drugstore (0.31233186), pharmacy (0.250611), hospital (0.20053506), beauty_salon (0.032569543), ice_shelf (0.02666082)",34637
28,672,indoor,"drugstore (0.4428025), hospital (0.24518558), pharmacy (0.17299265), hospital_room (0.03510432), beauty_salon (0.023832642)",34637
29,696,indoor,"drugstore (0.45069918), pharmacy (0.18611494), hospital (0.15221451), hospital_room (0.032125488), museum/indoor (0.031762373)",34637
30,720,indoor,"drugstore (0.6807691), pharmacy (0.1752889), hospital (0.023363784), beauty_salon (0.022224274), hospital_room (0.01406099)",34637
31,744,indoor,"drugstore (0.71832097), pharmacy (0.16292797), beauty_salon (0.016767371), museum/indoor (0.0147181135), hospital (0.014345889)",34637
32,768,indoor,"drugstore (0.6657452), pharmacy (0.17516287), beauty_salon (0.030405173), museum/indoor (0.019131076), reception (0.0139359785)",34637
33,792,indoor,"drugstore (0.6579372), pharmacy (0.1725254), beauty_salon (0.033964884), reception (0.016474277), museum/indoor (0.015730917)",34637
34,816,indoor,"drugstore (0.67294437), pharmacy (0.16945067), beauty_salon (0.024038626), museum/indoor (0.016862337), reception (0.010478743)",34637
35,840,indoor,"drugstore (0.6689537), pharmacy (0.17355433), beauty_salon (0.025838086), museum/indoor (0.016869932), hospital (0.01629093)",34637
36,864,indoor,"drugstore (0.6443114), pharmacy (0.2174459), hospital (0.022192214), beauty_salon (0.01952859), museum/indoor (0.011791401)",34637
37,888,indoor,"drugstore (0.51131606), pharmacy (0.11735004), museum/indoor (0.05569512), lecture_room (0.03655802), classroom (0.036494605)",34637
38,912,indoor,"museum/indoor (0.21808468), drugstore (0.20016679), archive (0.109826796), booth/indoor (0.109682456), science_museum (0.0742613)",34637
39,936,indoor,"museum/indoor (0.26122412), drugstore (0.16029234), archive (0.14028427), booth/indoor (0.11308681), science_museum (0.07546069)",34637
40,960,indoor,"drugstore (0.45540938), museum/indoor (0.13519655), booth/indoor (0.05670075), pharmacy (0.04275891), cemetery (0.042108018)",34637
41,984,indoor,"drugstore (0.36374864), museum/indoor (0.17827159), booth/indoor (0.07184233), cemetery (0.05057003), archive (0.038788438)",34637
42,1008,indoor,"drugstore (0.40883705), museum/indoor (0.18010159), booth/indoor (0.062311467), ice_shelf (0.04319422), cemetery (0.039393477)",34637
43,1032,indoor,"drugstore (0.4371572), museum/indoor (0.16425225), booth/indoor (0.06715452), pharmacy (0.040892854), archive (0.039607394)",34637
44,1056,indoor,"drugstore (0.35215262), museum/indoor (0.20273559), booth/indoor (0.074731685), cemetery (0.05244597), ice_shelf (0.03793401)",34637
45,1080,indoor,"drugstore (0.42803362), museum/indoor (0.15296543), booth/indoor (0.06775563), cemetery (0.039140664), pharmacy (0.036919955)",34637
46,1104,indoor,"drugstore (0.37506297), museum/indoor (0.15127806), booth/indoor (0.08104776), cemetery (0.05017272), pharmacy (0.03638226)",34637
47,1128,indoor,"drugstore (0.43570328), museum/indoor (0.15317452), booth/indoor (0.063801296), pharmacy (0.04072421), archive (0.036723375)",34637
48,1152,indoor,"drugstore (0.3915301), museum/indoor (0.17515469), booth/indoor (0.06623618), cemetery (0.04289085), archive (0.039217714)",34637
49,1176,indoor,"drugstore (0.3808619), museum/indoor (0.21852775), booth/indoor (0.06897541), archive (0.044616126), cemetery (0.03860823)",34637
50,1200,indoor,"drugstore (0.33570516), museum/indoor (0.21759857), booth/indoor (0.083676465), cemetery (0.049492553), archive (0.04149853)",34637
51,1224,indoor,"drugstore (0.3811738), museum/indoor (0.17203064), booth/indoor (0.06343367), cemetery (0.05659824), ice_shelf (0.042099625)",34637
52,1248,indoor,"drugstore (0.40733606), museum/indoor (0.1580582), booth/indoor (0.056619845), ice_shelf (0.05245459), cemetery (0.04420145)",34637
53,1272,indoor,"drugstore (0.40290987), museum/indoor (0.1581747), booth/indoor (0.065290295), cemetery (0.049740367), pharmacy (0.037876777)",34637
54,1296,indoor,"drugstore (0.34674937), museum/indoor (0.19730015), booth/indoor (0.08124788), cemetery (0.04700431), archive (0.0397982)",34637
55,1320,indoor,"drugstore (0.41148323), museum/indoor (0.16345023), booth/indoor (0.061821394), cemetery (0.0443057), ice_shelf (0.040217992)",34637
56,1344,indoor,"drugstore (0.4491627), museum/indoor (0.14031035), booth/indoor (0.05617975), pharmacy (0.041957557), cemetery (0.03958816)",34637
57,1368,indoor,"drugstore (0.4487493), museum/indoor (0.14831933), booth/indoor (0.053667117), ice_shelf (0.04462286), cemetery (0.042244513)",34637
58,1392,indoor,"drugstore (0.48255417), museum/indoor (0.12263652), booth/indoor (0.04976511), pharmacy (0.04805037), ice_shelf (0.0417769)",34637
59,1416,indoor,"drugstore (0.46071163), museum/indoor (0.15593694), booth/indoor (0.055036176), ice_shelf (0.048902784), pharmacy (0.03633862)",34637
60,1440,indoor,"drugstore (0.47439235), museum/indoor (0.12692523), booth/indoor (0.05572322), ice_shelf (0.042483497), pharmacy (0.041775238)",34637
61,1464,indoor,"drugstore (0.40260962), museum/indoor (0.16493075), booth/indoor (0.07529298), archive (0.04292209), cemetery (0.041354388)",34637
62,1488,indoor,"drugstore (0.41701248), museum/indoor (0.16762489), booth/indoor (0.063369386), ice_shelf (0.04749485), archive (0.03307732)",34637
63,1512,indoor,"drugstore (0.38096634), museum/indoor (0.16741869), booth/indoor (0.07974301), ice_shelf (0.042378865), cemetery (0.038058247)",34637
64,1536,indoor,"museum/indoor (0.5721333), archive (0.0751922), drugstore (0.06286007), cemetery (0.062128857), booth/indoor (0.045321666)",34637
65,1560,indoor,"museum/indoor (0.23061328), drugstore (0.17591949), booth/indoor (0.14614898), archive (0.10103642), kindergarden_classroom (0.041809216)",34637
66,1584,indoor,"drugstore (0.123567425), archive (0.11148981), museum/indoor (0.09179271), physics_laboratory (0.083582394), booth/indoor (0.067205325)",34637
67,1608,indoor,"jewelry_shop (0.25808597), drugstore (0.205141), pharmacy (0.1500935), beauty_salon (0.08314302), reception (0.04538697)",34637
68,1632,indoor,"pharmacy (0.2618499), drugstore (0.26021537), jewelry_shop (0.09518351), beauty_salon (0.064713396), music_studio (0.02943576)",34637
69,1656,indoor,"drugstore (0.25323424), pharmacy (0.21330583), jewelry_shop (0.14034718), beauty_salon (0.052900214), ice_shelf (0.0492409)",34637
70,1680,indoor,"drugstore (0.21335307), jewelry_shop (0.21193211), pharmacy (0.20392491), beauty_salon (0.065845), museum/indoor (0.038696095)",34637
71,1704,indoor,"drugstore (0.29487628), pharmacy (0.24531297), jewelry_shop (0.15272412), beauty_salon (0.05880525), museum/indoor (0.029936498)",34637
72,1728,indoor,"jewelry_shop (0.2661326), drugstore (0.23516418), pharmacy (0.20785452), beauty_salon (0.053317297), museum/indoor (0.026082061)",34637
73,1752,indoor,"jewelry_shop (0.19335173), drugstore (0.09527881), pharmacy (0.08890503), beauty_salon (0.086753406), reception (0.05912614)",34637
74,1776,indoor,"pharmacy (0.34445706), drugstore (0.3146233), nursery (0.07261347), gift_shop (0.038115066), beauty_salon (0.03487024)",34637
75,1800,indoor,"cemetery (0.24704391), pharmacy (0.1843974), museum/indoor (0.1753771), drugstore (0.1110029), hospital (0.06765285)",34637
76,1824,outdoor,"drugstore (0.2805944), pharmacy (0.13705532), cemetery (0.08558763), hospital (0.08016266), ice_shelf (0.06752871)",34637
77,1848,outdoor,"runway (0.4180101), landing_deck (0.105717316), airfield (0.09255955), drugstore (0.079190545), pharmacy (0.065714285)",34637
78,1872,outdoor,"drugstore (0.3832664), pharmacy (0.25141072), ice_shelf (0.06288227), hospital (0.04192527), cemetery (0.039760996)",34637
79,1896,indoor,"drugstore (0.31790602), pharmacy (0.15747593), cemetery (0.07838998), ice_shelf (0.06042513), beauty_salon (0.043858163)",34637
80,1920,outdoor,"drugstore (0.19261779), pharmacy (0.18038839), cemetery (0.083550185), hospital (0.06887427), ice_shelf (0.0482077)",34637
81,1944,indoor,"pharmacy (0.25399885), drugstore (0.21221428), cemetery (0.08616299), ice_shelf (0.07061865), gift_shop (0.06220575)",34637
82,1968,outdoor,"ice_shelf (0.32552987), pharmacy (0.21233116), drugstore (0.13239707), cemetery (0.13108167), hospital (0.04476708)",34637
83,1992,indoor,"cemetery (0.25055802), pharmacy (0.15803587), hospital (0.10927139), drugstore (0.08131449), hospital_room (0.04891327)",34637
84,2016,indoor,"basement (0.13805872), shower (0.12849854), jail_cell (0.10498777), elevator/door (0.031720813), ice_shelf (0.02986014)",34637
85,2040,indoor,"shower (0.6721024), jail_cell (0.039405946), tower (0.02848103), elevator/door (0.021607002), skyscraper (0.020927133)",34637
86,2064,indoor,"museum/indoor (0.3702838), shower (0.12677269), art_gallery (0.05082062), beauty_salon (0.042299896), clean_room (0.027179174)",34637
87,2088,indoor,"artists_loft (0.13137394), shower (0.10972627), museum/indoor (0.10754181), bathroom (0.08251227), reception (0.07348633)",34637
88,2112,indoor,"museum/indoor (0.1597133), shower (0.13848725), clean_room (0.1001081), artists_loft (0.088499986), elevator_lobby (0.076602675)",34637
89,2136,indoor,"museum/indoor (0.28982553), clean_room (0.095618345), shower (0.090784855), elevator_lobby (0.07449112), dressing_room (0.051044933)",34637
90,2160,indoor,"museum/indoor (0.19486971), clean_room (0.100092165), artists_loft (0.10007895), reception (0.08735337), shower (0.07197154)",34637
91,2184,indoor,"shower (0.16151987), clean_room (0.15112041), reception (0.08906013), bathroom (0.07829313), elevator_lobby (0.06835728)",34637
92,2208,indoor,"clean_room (0.26099893), shower (0.18320328), bathroom (0.069482826), elevator_lobby (0.0661787), museum/indoor (0.052948542)",34637
93,2232,indoor,"museum/indoor (0.55805033), clean_room (0.0948476), clothing_store (0.040846623), art_gallery (0.037645824), ballroom (0.030686388)",34637
94,2256,indoor,"museum/indoor (0.3882047), clean_room (0.20564377), shower (0.05836158), art_gallery (0.043390084), reception (0.02816328)",34637
95,2280,indoor,"museum/indoor (0.4403625), clean_room (0.18325187), art_gallery (0.047372807), shower (0.04038289), artists_loft (0.034623533)",34637
96,2304,indoor,"museum/indoor (0.35335773), clean_room (0.27271068), shower (0.060209118), art_gallery (0.03744878), artists_loft (0.027892873)",34637
97,2328,indoor,"museum/indoor (0.39108035), clean_room (0.09021767), artists_loft (0.0671553), shower (0.05109479), art_gallery (0.045614913)",34637
98,2352,indoor,"museum/indoor (0.43207607), clean_room (0.10480176), artists_loft (0.06661274), art_gallery (0.049110487), clothing_store (0.035905454)",34637
99,2376,indoor,"museum/indoor (0.43733162), clean_room (0.14440712), artists_loft (0.05424553), art_gallery (0.05290968), clothing_store (0.035977226)",34637
100,2400,indoor,"museum/indoor (0.504832), clean_room (0.08368038), art_gallery (0.054437585), artists_loft (0.03923051), ballroom (0.037535112)",34637
101,2424,indoor,"museum/indoor (0.42503774), ballroom (0.11171282), dressing_room (0.052876726), artists_loft (0.045188908), clothing_store (0.041635986)",34637
102,2448,indoor,"museum/indoor (0.5623245), clean_room (0.089055434), ballroom (0.04529814), art_gallery (0.044910282), artists_loft (0.040657617)",34637
103,2472,indoor,"museum/indoor (0.37728354), clean_room (0.11632577), artists_loft (0.11148162), art_gallery (0.07630802), elevator_lobby (0.04569127)",34637
104,2496,indoor,"museum/indoor (0.6697331), clean_room (0.17024425), art_gallery (0.042875037), operating_room (0.024681011), artists_loft (0.010189421)",34637
105,2520,indoor,"clean_room (0.67877513), museum/indoor (0.10775433), operating_room (0.09967043), hospital_room (0.018259065), shower (0.015585006)",34637
106,2544,indoor,"clean_room (0.44957483), museum/indoor (0.25903794), shower (0.043187756), operating_room (0.03473667), bathroom (0.020891495)",34637
107,2568,indoor,"clean_room (0.41296852), museum/indoor (0.22419478), shower (0.1107489), bathroom (0.04270494), operating_room (0.032983)",34637
108,2592,indoor,"clean_room (0.3872352), museum/indoor (0.24410765), shower (0.10529592), bathroom (0.02950945), elevator/door (0.028467692)",34637
109,2616,indoor,"museum/indoor (0.36746567), clean_room (0.2898524), shower (0.06961233), operating_room (0.032250147), art_gallery (0.02290005)",34637
110,2640,indoor,"clean_room (0.44188175), museum/indoor (0.1791895), shower (0.11556343), operating_room (0.043890107), bathroom (0.033625875)",34637
111,2664,indoor,"clean_room (0.51776904), museum/indoor (0.12576136), shower (0.112854935), operating_room (0.042365786), bathroom (0.028788133)",34637
112,2688,indoor,"clean_room (0.4710003), museum/indoor (0.17003457), shower (0.093469664), operating_room (0.045863472), bathroom (0.033564944)",34637
113,2712,indoor,"clean_room (0.42483598), museum/indoor (0.1706601), shower (0.0919569), bathroom (0.037954766), operating_room (0.035975844)",34637
114,2736,indoor,"clean_room (0.42691395), shower (0.15880811), museum/indoor (0.14047281), operating_room (0.06747813), bathroom (0.057638716)",34637
115,2760,indoor,"shower (0.29074177), bathroom (0.1270112), elevator/door (0.07048745), elevator_lobby (0.060657423), clean_room (0.050878562)",34637
116,2784,indoor,"shower (0.21559113), museum/indoor (0.09380785), bathroom (0.09323001), elevator/door (0.09039317), clean_room (0.08226464)",34637
117,2808,indoor,"shower (0.4299961), clean_room (0.100084834), museum/indoor (0.09832252), bathroom (0.093589805), artists_loft (0.034395028)",34637
118,2832,indoor,"museum/indoor (0.21519168), clean_room (0.16762085), shower (0.109543905), artists_loft (0.055247903), bathroom (0.05282466)",34637
119,2856,indoor,"dressing_room (0.25376585), shower (0.21549773), museum/indoor (0.11539163), bathroom (0.05285856), clean_room (0.048397038)",34637
120,2880,indoor,"shower (0.34401143), museum/indoor (0.08577465), clean_room (0.082495645), bathroom (0.08197095), dressing_room (0.039720695)",34637
121,2904,indoor,"museum/indoor (0.20484704), clean_room (0.12968697), elevator/door (0.11354437), shower (0.113405734), elevator_lobby (0.09441389)",34637
122,2928,indoor,"museum/indoor (0.45811805), clean_room (0.12252843), dressing_room (0.05834018), ballroom (0.057873093), locker_room (0.049689177)",34637
123,2952,indoor,"clean_room (0.2615295), museum/indoor (0.26120222), clothing_store (0.07589755), elevator_lobby (0.05632871), artists_loft (0.055750296)",34637
124,2976,indoor,"entrance_hall (0.21643758), lobby (0.13185179), elevator_lobby (0.11254363), reception (0.10223997), artists_loft (0.10036541)",34637
125,3000,indoor,"entrance_hall (0.29132116), elevator_lobby (0.12341092), lobby (0.087889224), clean_room (0.05871745), artists_loft (0.057389542)",34637
126,3024,outdoor,"crosswalk (0.23918232), archive (0.053915475), art_gallery (0.03820603), runway (0.030225672), ice_floe (0.02852947)",34637
127,3048,outdoor,"crosswalk (0.28970724), runway (0.058419593), ice_floe (0.056452423), archive (0.027193367), landing_deck (0.024344891)",34637
128,3072,indoor,"crosswalk (0.6000709), atrium/public (0.025513837), courtyard (0.021898758), shopping_mall/indoor (0.01745757), classroom (0.013549933)",34637
129,3096,indoor,"crosswalk (0.6184905), courtyard (0.020441674), atrium/public (0.019399684), shopping_mall/indoor (0.013999658), classroom (0.012960875)",34637
130,3120,indoor,"crosswalk (0.56710285), atrium/public (0.055691507), shopping_mall/indoor (0.032316413), courtyard (0.024495512), lobby (0.019473469)",34637
131,3144,indoor,"crosswalk (0.7094642), atrium/public (0.022754256), courtyard (0.015729466), shopping_mall/indoor (0.0124837775), staircase (0.011347659)",34637
132,3168,outdoor,"crosswalk (0.68957716), courtyard (0.017723016), atrium/public (0.013468149), shopping_mall/indoor (0.0081351055), runway (0.0077566)",34637
133,3192,outdoor,"crosswalk (0.51283324), atrium/public (0.017672509), runway (0.016607797), courtyard (0.015757404), patio (0.014939136)",34637
134,3216,indoor,"crosswalk (0.598647), art_studio (0.034850553), science_museum (0.0197455), art_school (0.017263522), restaurant (0.0151562)",34637
135,3240,indoor,"crosswalk (0.86586994), lobby (0.011760493), airport_terminal (0.010715294), staircase (0.009956407), plaza (0.0086443145)",34637
136,3264,indoor,"crosswalk (0.66289455), airport_terminal (0.18371454), parking_garage/indoor (0.038211405), promenade (0.012884586), food_court (0.00899852)",34637
137,3288,indoor,"crosswalk (0.19629696), parking_garage/indoor (0.09487721), hangar/indoor (0.07741478), runway (0.07549414), airport_terminal (0.041752562)",34637
138,3312,indoor,"crosswalk (0.7802861), airport_terminal (0.0123800915), plaza (0.011980055), classroom (0.009631144), atrium/public (0.0087428605)",34637
139,3336,indoor,"clean_room (0.076920696), ballroom (0.06393738), atrium/public (0.058947984), operating_room (0.037902985), dining_hall (0.03509144)",34637
140,3360,indoor,"ballroom (0.22160146), atrium/public (0.17736825), courtyard (0.110352494), crosswalk (0.075642124), swimming_pool/indoor (0.04205379)",34637
141,3384,outdoor,"crosswalk (0.5656058), courtyard (0.03519069), playground (0.02568126), yard (0.022785004), plaza (0.017913694)",34637
142,3408,outdoor,"crosswalk (0.26851398), yard (0.045592144), courtyard (0.03934059), playground (0.03086833), construction_site (0.027122105)",34637
143,3432,indoor,"atrium/public (0.47428024), banquet_hall (0.0882241), dining_room (0.07194553), dining_hall (0.06469225), shopping_mall/indoor (0.058672037)",34637
144,3456,indoor,"atrium/public (0.3867446), banquet_hall (0.17066745), library/indoor (0.07940067), dining_hall (0.07016614), shopping_mall/indoor (0.06039793)",34637
145,3480,indoor,"atrium/public (0.41459548), dining_room (0.075549394), banquet_hall (0.067033865), shopping_mall/indoor (0.055936746), dining_hall (0.048091643)",34637
146,3504,indoor,"atrium/public (0.38107923), dining_room (0.093087025), banquet_hall (0.06879706), shopping_mall/indoor (0.060738526), bow_window/indoor (0.053189497)",34637
147,3528,indoor,"atrium/public (0.3696035), entrance_hall (0.06733237), shopping_mall/indoor (0.06244731), dining_room (0.053257734), attic (0.03484656)",34637
148,3552,indoor,"atrium/public (0.35452855), shopping_mall/indoor (0.06431546), dining_room (0.059700508), entrance_hall (0.051228173), patio (0.04934425)",34637
149,3576,indoor,"atrium/public (0.35549578), bow_window/indoor (0.11287965), entrance_hall (0.05763693), attic (0.041521966), shopping_mall/indoor (0.038588718)",34637
150,3600,indoor,"discotheque (0.3854939), corn_field (0.11442614), stage/indoor (0.09251716), aquarium (0.06552858), ice_shelf (0.031795666)",34637
151,3624,indoor,"discotheque (0.4193717), corn_field (0.18220575), stage/indoor (0.102993384), aquarium (0.036762442), orchard (0.02237293)",34637
152,3648,indoor,"corn_field (0.31729615), discotheque (0.21406138), stage/indoor (0.19191338), orchard (0.027703607), museum/indoor (0.023947377)",34637
153,3672,indoor,"hangar/indoor (0.23049691), auto_factory (0.1356031), playground (0.08792441), repair_shop (0.0645675), bowling_alley (0.043888547)",34637
154,3696,indoor,"auto_factory (0.37712768), repair_shop (0.21427903), hangar/indoor (0.05561461), junkyard (0.03762913), assembly_line (0.035981756)",34637
155,3720,indoor,"playground (0.19978796), auto_factory (0.1877808), clean_room (0.119230695), repair_shop (0.06984019), hangar/indoor (0.05577093)",34637
156,3744,indoor,"clean_room (0.24322036), airport_terminal (0.18763834), playground (0.13979198), hospital_room (0.066952005), operating_room (0.027702589)",34637
157,3768,indoor,"clean_room (0.22382432), igloo (0.209806), ice_floe (0.17034121), swimming_pool/indoor (0.04144365), hangar/indoor (0.02429224)",34637
158,3792,indoor,"classroom (0.30641857), archive (0.11199259), clean_room (0.08141215), cafeteria (0.058566824), lecture_room (0.05118012)",34637
159,3816,indoor,"classroom (0.21177295), lecture_room (0.16899832), clean_room (0.095093064), cafeteria (0.0868457), computer_room (0.042230967)",34637
160,3840,indoor,"clean_room (0.35575417), classroom (0.0957262), lecture_room (0.060768146), chemistry_lab (0.04963634), cafeteria (0.03276978)",34637
161,3864,indoor,"clean_room (0.23033965), classroom (0.16571294), lecture_room (0.14436601), chemistry_lab (0.038355596), computer_room (0.036228698)",34637
162,3888,indoor,"clean_room (0.4779758), classroom (0.08393722), chemistry_lab (0.06541608), lecture_room (0.038678724), operating_room (0.025402272)",34637
163,3912,indoor,"clean_room (0.5227739), classroom (0.05579497), chemistry_lab (0.048688404), bathroom (0.029058913), bowling_alley (0.025498288)",34637
164,3936,indoor,"museum/indoor (0.49056658), science_museum (0.094388135), bathroom (0.052572995), natural_history_museum (0.051618967), art_gallery (0.045673773)",34637
165,3960,indoor,"museum/indoor (0.3028619), bathroom (0.08570634), art_gallery (0.07708162), science_museum (0.064829424), aquarium (0.039735984)",34637
166,3984,indoor,"museum/indoor (0.4300399), art_gallery (0.10377586), science_museum (0.07226002), bathroom (0.03966153), natural_history_museum (0.032841343)",34637
167,4008,indoor,"chemistry_lab (0.56882346), biology_laboratory (0.099607706), coffee_shop (0.051306233), hospital_room (0.047123466), classroom (0.038127862)",34637
168,4032,indoor,"chemistry_lab (0.29805303), classroom (0.1146608), coffee_shop (0.08898648), restaurant (0.06701462), biology_laboratory (0.05622365)",34637
169,4056,indoor,"classroom (0.22256395), chemistry_lab (0.11639329), restaurant (0.072296426), coffee_shop (0.0653818), banquet_hall (0.06516112)",34637
170,4080,indoor,"nursery (0.17248201), playroom (0.06914592), florist_shop/indoor (0.06395897), clean_room (0.06161392), dining_room (0.05818249)",34637
171,4104,indoor,"nursery (0.13590188), clean_room (0.098161995), playroom (0.067520104), dining_room (0.05371357), ice_cream_parlor (0.049863447)",34637
172,4128,indoor,"museum/indoor (0.23524827), bathroom (0.087319136), clean_room (0.08345805), art_gallery (0.07799753), science_museum (0.072093114)",34637
173,4152,indoor,"museum/indoor (0.23120531), art_gallery (0.10868024), bathroom (0.1051783), science_museum (0.05445648), martial_arts_gym (0.04499117)",34637
174,4176,indoor,"museum/indoor (0.20668092), art_gallery (0.16921476), science_museum (0.06612814), florist_shop/indoor (0.05486311), shoe_shop (0.051698126)",34637
175,4200,indoor,"museum/indoor (0.28218925), art_gallery (0.14542817), science_museum (0.08079771), bathroom (0.07685326), natural_history_museum (0.057506464)",34637
176,4224,indoor,"nursery (0.24877933), clean_room (0.23522258), playroom (0.082155764), chemistry_lab (0.052339893), kindergarden_classroom (0.031344038)",34637
177,4248,indoor,"clean_room (0.26668182), nursery (0.1461863), chemistry_lab (0.065102994), ice_cream_parlor (0.052196607), playroom (0.048727397)",34637
178,4272,indoor,"restaurant (0.23908366), coffee_shop (0.15918979), dining_room (0.13698855), ice_cream_parlor (0.07933114), chemistry_lab (0.065562606)",34637
179,4296,indoor,"classroom (0.23897627), clean_room (0.13556233), cafeteria (0.10492222), lecture_room (0.09113071), chemistry_lab (0.049620606)",34637
180,4320,indoor,"clean_room (0.39778244), classroom (0.109355904), chemistry_lab (0.070400074), lecture_room (0.039518025), cafeteria (0.033988528)",34637
181,4344,indoor,"playground (0.1587974), clean_room (0.1481071), chemistry_lab (0.099482246), ice_floe (0.07840052), bowling_alley (0.06930144)",34637
182,4368,indoor,"airport_terminal (0.42125732), clean_room (0.08732422), playground (0.070757985), runway (0.055989448), bowling_alley (0.054100774)",34637
183,4392,indoor,"clean_room (0.5969897), airport_terminal (0.163237), waiting_room (0.083733395), office_cubicles (0.03602417), classroom (0.018895118)",34637
184,4416,outdoor,"iceberg (0.24283645), ice_floe (0.20260546), igloo (0.15700394), ice_shelf (0.10137671), clean_room (0.07502489)",34637
185,4440,indoor,"clean_room (0.19601588), office_cubicles (0.1745827), archive (0.13493524), server_room (0.08005162), office (0.065838486)",34637
186,4464,outdoor,"ice_floe (0.44127604), archive (0.15850721), iceberg (0.071929716), ice_shelf (0.06983619), crosswalk (0.02506632)",34637
187,4488,indoor,"clean_room (0.41824844), airport_terminal (0.17200884), server_room (0.06784667), ice_floe (0.04621846), lobby (0.033732384)",34637
188,4512,indoor,"ice_floe (0.28576913), server_room (0.16039035), airport_terminal (0.12389302), ice_shelf (0.08044998), bank_vault (0.06562512)",34637
189,4536,indoor,"ice_floe (0.54075074), ice_shelf (0.08564965), clean_room (0.07070525), airport_terminal (0.031093773), staircase (0.02818026)",34637
190,4560,indoor,"clean_room (0.5633309), server_room (0.12971717), office_cubicles (0.064153634), archive (0.05403788), airport_terminal (0.039789513)",34637
191,4584,indoor,"ice_floe (0.32913008), clean_room (0.26461077), ice_shelf (0.061559264), bank_vault (0.041214693), server_room (0.028518854)",34637
192,4608,indoor,"parking_lot (0.24671564), auto_factory (0.19357178), crosswalk (0.13089006), parking_garage/indoor (0.07850224), clean_room (0.04345466)",34637
193,4632,indoor,"parking_lot (0.36710417), crosswalk (0.16070803), parking_garage/indoor (0.12917082), auto_factory (0.06094212), airport_terminal (0.05136135)",34637
194,4656,outdoor,"parking_lot (0.43894574), parking_garage/indoor (0.16181026), auto_factory (0.060969688), crosswalk (0.059695847), playground (0.041446615)",34637
195,4680,outdoor,"parking_lot (0.464999), parking_garage/indoor (0.14035976), runway (0.09951137), auto_factory (0.07673439), crosswalk (0.028898915)",34637
196,4704,outdoor,"parking_lot (0.3315759), parking_garage/indoor (0.1070407), ice_floe (0.10246119), auto_factory (0.06317884), playground (0.056969125)",34637
197,4728,outdoor,"parking_lot (0.320926), auto_factory (0.14671305), ice_floe (0.087051526), parking_garage/indoor (0.085958086), junkyard (0.045777984)",34637
198,4752,outdoor,"parking_lot (0.3705503), ice_floe (0.1235293), auto_factory (0.07566982), playground (0.073089994), runway (0.04479733)",34637
199,4776,outdoor,"parking_lot (0.31397188), ice_floe (0.13629651), auto_factory (0.08487247), runway (0.06929491), playground (0.05859762)",34637
200,4800,outdoor,"parking_lot (0.27586654), auto_factory (0.16140595), ice_floe (0.073729634), parking_garage/indoor (0.0689791), playground (0.04893436)",34637
201,4824,outdoor,"parking_lot (0.2113948), ice_floe (0.1419863), auto_factory (0.10524892), playground (0.09097554), crosswalk (0.049840786)",34637
202,4848,outdoor,"parking_lot (0.30122828), auto_factory (0.2820149), parking_garage/indoor (0.0631741), runway (0.04199568), junkyard (0.0336236)",34637
203,4872,outdoor,"runway (0.42179966), ice_floe (0.18302676), parking_lot (0.12984607), landing_deck (0.06351101), crosswalk (0.041249394)",34637
204,4896,indoor,"clean_room (0.7397792), bathroom (0.08047434), server_room (0.026921408), office_cubicles (0.020580387), laundromat (0.019674966)",34637
205,4920,outdoor,"crosswalk (0.78163177), driveway (0.06712473), staircase (0.03705124), parking_lot (0.015658738), street (0.011797914)",34637
206,4944,indoor,"corn_field (0.26481786), stage/indoor (0.15341236), discotheque (0.14838836), aquarium (0.04560904), museum/indoor (0.04187638)",34637
207,4968,indoor,"discotheque (0.3657509), corn_field (0.16887483), aquarium (0.09047251), stage/indoor (0.054903645), underwater/ocean_deep (0.045845788)",34637
208,4992,indoor,"discotheque (0.34584832), shower (0.24938974), nursery (0.06001924), aquarium (0.052217953), museum/indoor (0.03365153)",34637
209,5016,outdoor,"shower (0.36106205), discotheque (0.17030251), ice_shelf (0.14745076), corn_field (0.038774762), orchard (0.029195417)",34637
210,5040,indoor,"closet (0.25373173), locker_room (0.1839304), elevator/door (0.16247861), corridor (0.13655335), elevator_lobby (0.03165363)",34637
211,5064,indoor,"elevator/door (0.42944387), closet (0.3779834), barndoor (0.060445342), locker_room (0.04904391), bow_window/indoor (0.01974901)",34637
212,5088,indoor,"elevator/door (0.62660027), closet (0.10157974), corridor (0.05074787), shower (0.035346758), locker_room (0.03454244)",34637
213,5112,indoor,"closet (0.6750773), shower (0.19082677), locker_room (0.04483083), bathroom (0.02587779), sauna (0.01931096)",34637
214,5136,indoor,"elevator/door (0.4897819), closet (0.31777266), locker_room (0.07195692), barndoor (0.030476762), bow_window/indoor (0.01660215)",34637
215,5160,indoor,"elevator/door (0.5779467), closet (0.20957191), locker_room (0.06354914), bow_window/indoor (0.02369353), barndoor (0.022556687)",34637
216,5184,indoor,"elevator/door (0.45870438), closet (0.33465025), locker_room (0.07443089), barndoor (0.029804446), bow_window/indoor (0.025707891)",34637
217,5208,indoor,"clean_room (0.2423378), shower (0.21214505), closet (0.06987939), hotel_room (0.04940391), ice_shelf (0.039656237)",34637
218,5232,indoor,"closet (0.37584186), elevator/door (0.16688938), shower (0.107618585), locker_room (0.083159216), corridor (0.06354967)",34637
219,5256,indoor,"elevator/door (0.6405767), closet (0.16439763), locker_room (0.042971905), barndoor (0.025150796), doorway/outdoor (0.024339842)",34637
220,5280,indoor,"elevator/door (0.55815476), closet (0.24116424), locker_room (0.049807172), bow_window/indoor (0.03172698), barndoor (0.028044043)",34637
221,5304,indoor,"elevator/door (0.4602751), closet (0.32413012), locker_room (0.069646865), bow_window/indoor (0.026504183), corridor (0.023974193)",34637
222,5328,indoor,"closet (0.380512), elevator/door (0.30495122), bow_window/indoor (0.07913586), locker_room (0.06377256), clean_room (0.03305039)",34637
223,5352,indoor,"archive (0.2674505), elevator/door (0.15683308), dressing_room (0.09967064), clean_room (0.096091025), office (0.09025582)",34637
224,5376,indoor,"clean_room (0.5651565), archive (0.12654862), office (0.07542574), elevator/door (0.059826665), bow_window/indoor (0.035625674)",34637
225,5400,indoor,"clean_room (0.96493715), office (0.0052324114), museum/indoor (0.004708782), dressing_room (0.0043967464), archive (0.004091248)",34637
226,5424,indoor,"clean_room (0.9895383), dressing_room (0.0038768023), office (0.0012046894), elevator/door (0.0009743218), art_gallery (0.00080815796)",34637
227,5448,indoor,"clean_room (0.97566324), office (0.007774022), dressing_room (0.0039290083), art_gallery (0.002407639), elevator/door (0.002000214)",34637
228,5472,indoor,"clean_room (0.9917686), dressing_room (0.0039019499), office (0.0007473945), archive (0.00043694113), art_gallery (0.00035589223)",34637
229,5496,indoor,"clean_room (0.9336987), dressing_room (0.030459838), shower (0.003990039), archive (0.00374213), closet (0.0026551115)",34637
230,5520,indoor,"clean_room (0.61089504), dressing_room (0.17319854), shower (0.03687993), museum/indoor (0.026570762), beauty_salon (0.015222928)",34637
231,5544,indoor,"dressing_room (0.49595237), clean_room (0.22992727), shower (0.08321333), museum/indoor (0.046186488), clothing_store (0.041380968)",34637
232,5568,indoor,"dressing_room (0.4297067), clean_room (0.16460758), museum/indoor (0.10557928), nursery (0.062542796), shower (0.03170654)",34637
233,5592,indoor,"clean_room (0.6116238), locker_room (0.112132005), dressing_room (0.099548966), museum/indoor (0.019233827), nursery (0.015536033)",34637
234,5616,indoor,"locker_room (0.41164827), clean_room (0.37506387), dressing_room (0.109159596), nursery (0.017709607), archive (0.012651502)",34637
235,5640,indoor,"dressing_room (0.34874403), locker_room (0.27079052), clean_room (0.15852176), elevator/door (0.04775504), elevator_lobby (0.03140394)",34637
236,5664,indoor,"dressing_room (0.3335731), clean_room (0.1618722), locker_room (0.068721905), nursery (0.061968714), office (0.059293423)",34637
237,5688,indoor,"clean_room (0.31375834), dressing_room (0.28075674), nursery (0.14042087), office (0.029314954), locker_room (0.024024142)",34637
238,5712,indoor,"clean_room (0.7364295), dressing_room (0.17335846), nursery (0.019981606), locker_room (0.008937), shower (0.0072335815)",34637
239,5736,indoor,"clean_room (0.6323865), dressing_room (0.31788355), closet (0.0086255325), locker_room (0.008305614), nursery (0.0048937183)",34637
240,5760,indoor,"clean_room (0.51874244), dressing_room (0.35917714), nursery (0.024403948), closet (0.016427953), clothing_store (0.014406874)",34637
241,5784,indoor,"dressing_room (0.42880586), clean_room (0.42834443), nursery (0.032813735), closet (0.021170346), clothing_store (0.014705358)",34637
242,5808,indoor,"clean_room (0.42713192), dressing_room (0.36239257), nursery (0.06070783), closet (0.029939732), clothing_store (0.0124704335)",34637
243,5832,indoor,"dressing_room (0.42785114), clean_room (0.3706145), nursery (0.07804793), closet (0.015301393), hospital_room (0.0126165785)",34637
244,5856,indoor,"shower (0.8222659), closet (0.06972449), bathroom (0.01733256), dressing_room (0.016723031), bow_window/indoor (0.014053921)",34637
245,5880,indoor,"clothing_store (0.15211876), iceberg (0.1468013), clean_room (0.13327014), dressing_room (0.059745505), ice_floe (0.057326924)",34637
246,5904,indoor,"clothing_store (0.2946673), clean_room (0.18860039), closet (0.09120545), dressing_room (0.08791676), bow_window/indoor (0.05033304)",34637
247,5928,indoor,"dressing_room (0.5021745), clean_room (0.33173195), music_studio (0.06536957), physics_laboratory (0.02496427), nursing_home (0.014188972)",34637
248,5952,indoor,"dressing_room (0.5527324), clean_room (0.30559006), music_studio (0.037441984), nursing_home (0.020027168), physics_laboratory (0.016589617)",34637
249,5976,indoor,"clean_room (0.5339827), dressing_room (0.23738357), hospital_room (0.037501443), shower (0.036479328), music_studio (0.028208109)",34637
250,6000,indoor,"shower (0.31863436), museum/indoor (0.26946715), art_gallery (0.19263348), dressing_room (0.16225544), clothing_store (0.017264104)",34637
251,6024,indoor,"dressing_room (0.31525028), shower (0.2912473), museum/indoor (0.16865587), art_gallery (0.16221148), clothing_store (0.022371365)",34637
252,6048,indoor,"shower (0.67414814), dressing_room (0.20252915), museum/indoor (0.043848936), art_gallery (0.019461688), clothing_store (0.017386168)",34637
253,6072,indoor,"shower (0.5206057), museum/indoor (0.17490253), dressing_room (0.16909377), art_gallery (0.06631914), clothing_store (0.017155584)",34637
254,6096,indoor,"dressing_room (0.6548572), clean_room (0.14134754), music_studio (0.111215204), shower (0.011098787), stage/indoor (0.01105809)",34637
255,6120,indoor,"clean_room (0.476415), dressing_room (0.26086026), music_studio (0.15646563), nursing_home (0.019283034), physics_laboratory (0.013796192)",34637
256,6144,indoor,"clean_room (0.8705994), dressing_room (0.08987162), hospital_room (0.007289477), operating_room (0.006764791), shower (0.004768189)",34637
257,6168,indoor,"dressing_room (0.84460163), clean_room (0.05841144), shower (0.04928362), locker_room (0.012638047), music_studio (0.006150705)",34637
258,6192,indoor,"clean_room (0.67806506), dressing_room (0.24090776), hospital_room (0.016938787), operating_room (0.011906633), music_studio (0.008023705)",34637
259,6216,indoor,"shower (0.411881), art_gallery (0.21341689), clean_room (0.18218896), bathroom (0.0488679), museum/indoor (0.034924746)",34637
260,6240,indoor,"shower (0.5271733), art_gallery (0.17171213), clean_room (0.12806793), bathroom (0.046469644), dressing_room (0.04231436)",34637
261,6264,indoor,"art_gallery (0.39314267), shower (0.34647104), clean_room (0.07181372), museum/indoor (0.05399815), dressing_room (0.042189777)",34637
262,6288,indoor,"shower (0.45414817), art_gallery (0.32144707), clean_room (0.07431717), bathroom (0.041570123), museum/indoor (0.031034978)",34637
263,6312,indoor,"clean_room (0.5656608), dressing_room (0.351952), music_studio (0.03420877), nursery (0.0073606973), office (0.00611516)",34637
264,6336,indoor,"dressing_room (0.55982316), clean_room (0.3859784), nursery (0.011565551), music_studio (0.0068487814), office (0.0062465235)",34637
265,6360,indoor,"dressing_room (0.7699527), clean_room (0.120423175), clothing_store (0.04380559), closet (0.031169914), nursery (0.007853513)",34637
266,6384,indoor,"dressing_room (0.5710292), clean_room (0.30389524), closet (0.04638007), clothing_store (0.03361936), nursery (0.009545681)",34637
267,6408,indoor,"dressing_room (0.7288985), clean_room (0.08768192), closet (0.07618728), clothing_store (0.065347224), nursery (0.01077013)",34637
268,6432,indoor,"dressing_room (0.5818821), clean_room (0.27687347), closet (0.042509917), clothing_store (0.03054391), locker_room (0.009383317)",34637
269,6456,indoor,"dressing_room (0.6904854), clean_room (0.19288254), closet (0.05230169), clothing_store (0.016504642), locker_room (0.012801873)",34637
270,6480,indoor,"dressing_room (0.78814006), clean_room (0.15970692), clothing_store (0.011619053), closet (0.010762584), locker_room (0.0052322447)",34637
271,6504,indoor,"clean_room (0.54431415), dressing_room (0.2556578), nursery (0.06253458), hospital_room (0.018060284), office (0.013645872)",34637
272,6528,indoor,"clean_room (0.7682259), dressing_room (0.17979874), music_studio (0.030383747), chemistry_lab (0.0032081765), locker_room (0.0027851914)",34637
273,6552,indoor,"dressing_room (0.8328105), locker_room (0.090402395), clean_room (0.051698618), music_studio (0.010230125), office (0.0021859226)",34637
274,6576,indoor,"dressing_room (0.5783204), locker_room (0.38117182), clean_room (0.03763093), archive (0.001143764), music_studio (0.0002006682)",34637
275,6600,indoor,"dressing_room (0.59718937), clean_room (0.25870892), locker_room (0.10341219), archive (0.007845834), shower (0.0073786303)",34637
276,6624,indoor,"dressing_room (0.625677), office (0.08701046), bow_window/indoor (0.07211817), home_office (0.021714538), bathroom (0.020059085)",34637
277,6648,indoor,"dressing_room (0.9760912), clean_room (0.010530385), shower (0.002452427), office (0.0019342251), bathroom (0.001620059)",34637
278,6672,indoor,"clean_room (0.95352256), dressing_room (0.03034033), museum/indoor (0.0069889845), nursery (0.0015209275), operating_room (0.0011681058)",34637
279,6696,indoor,"museum/indoor (0.85786664), clean_room (0.060475685), iceberg (0.03254165), ice_floe (0.014058112), art_gallery (0.010363717)",34637
280,6720,indoor,"museum/indoor (0.86334926), clean_room (0.07721478), science_museum (0.018293058), art_gallery (0.014176429), iceberg (0.009038068)",34637
281,6744,indoor,"museum/indoor (0.9884244), art_gallery (0.003996544), shower (0.0021836462), science_museum (0.0021351036), clean_room (0.00096347125)",34637
282,6768,indoor,"museum/indoor (0.9896003), art_gallery (0.0052176025), clean_room (0.0014810964), stage/indoor (0.0012976176), shower (0.0010853825)",34637
283,6792,indoor,"museum/indoor (0.9238624), stage/indoor (0.030602511), art_gallery (0.011684763), clean_room (0.01080832), shower (0.008930877)",34637
284,6816,indoor,"museum/indoor (0.81032574), stage/indoor (0.08998563), discotheque (0.03246816), clean_room (0.026714662), art_gallery (0.015737932)",34637
285,6840,indoor,"museum/indoor (0.7761132), stage/indoor (0.19207291), music_studio (0.008029207), discotheque (0.006463411), art_gallery (0.0055594146)",34637
286,6864,indoor,"museum/indoor (0.9783214), art_gallery (0.006466266), clean_room (0.0051426976), stage/indoor (0.004242153), shower (0.0031828333)",34637
287,6888,indoor,"museum/indoor (0.9921421), art_gallery (0.003333827), stage/indoor (0.0026389873), clean_room (0.00060791656), shower (0.00034754878)",34637
288,6912,indoor,"museum/indoor (0.9784386), art_gallery (0.007381009), stage/indoor (0.004329287), clean_room (0.0035063783), shower (0.0033456022)",34637
289,6936,indoor,"museum/indoor (0.98855317), art_gallery (0.005398892), stage/indoor (0.002626952), clean_room (0.0017000166), shower (0.0006440362)",34637
290,6960,indoor,"museum/indoor (0.958827), shower (0.011949237), art_gallery (0.010399604), stage/indoor (0.008100417), clean_room (0.0044305213)",34637
291,6984,indoor,"museum/indoor (0.85165685), shower (0.09303431), stage/indoor (0.02658555), art_gallery (0.008541426), clean_room (0.007999858)",34637
292,7008,indoor,"museum/indoor (0.9221106), shower (0.031868976), stage/indoor (0.014095293), clean_room (0.012290616), art_gallery (0.008936234)",34637
293,7032,indoor,"museum/indoor (0.9593614), clean_room (0.014593914), stage/indoor (0.009899205), art_gallery (0.008702423), shower (0.0017398624)",34637
294,7056,indoor,"museum/indoor (0.817067), stage/indoor (0.11357485), clean_room (0.023384092), music_studio (0.017352857), discotheque (0.007938967)",34637
295,7080,indoor,"museum/indoor (0.9844232), art_gallery (0.0072177397), clean_room (0.003957161), stage/indoor (0.0024402132), music_studio (0.0004451369)",34637
296,7104,indoor,"museum/indoor (0.9880063), art_gallery (0.008947548), clean_room (0.0015615169), science_museum (0.00042606483), stage/indoor (0.0003931942)",34637
297,7128,indoor,"museum/indoor (0.9967957), art_gallery (0.0025306963), stage/indoor (0.00015181584), shower (0.00011041922), science_museum (0.00010239785)",34637
298,7152,indoor,"museum/indoor (0.99419665), art_gallery (0.003015981), stage/indoor (0.0007768643), shower (0.0006378748), clean_room (0.0003862105)",34637
299,7176,indoor,"museum/indoor (0.99307925), art_gallery (0.0032504397), shower (0.001313275), clean_room (0.0005881951), science_museum (0.0004514181)",34637
300,7200,indoor,"museum/indoor (0.99187297), art_gallery (0.0036576448), shower (0.0020773225), clean_room (0.0007235706), science_museum (0.00042446645)",34637
301,7224,indoor,"museum/indoor (0.98077697), shower (0.00659434), art_gallery (0.0064442307), clean_room (0.002999207), science_museum (0.00089658)",34637
302,7248,indoor,"museum/indoor (0.9840671), art_gallery (0.006986983), shower (0.0039752848), stage/indoor (0.001514037), clean_room (0.0012106188)",34637
303,7272,indoor,"museum/indoor (0.92010486), shower (0.042104803), art_gallery (0.010078647), stage/indoor (0.007840902), science_museum (0.00500082)",34637
304,7296,indoor,"museum/indoor (0.9812034), shower (0.005455748), art_gallery (0.0047988016), stage/indoor (0.004442367), clean_room (0.0018541351)",34637
305,7320,indoor,"museum/indoor (0.96730095), shower (0.020903584), art_gallery (0.004146011), clean_room (0.0026429077), stage/indoor (0.0019176344)",34637
306,7344,indoor,"museum/indoor (0.9703278), shower (0.010270052), art_gallery (0.008743379), stage/indoor (0.0058440976), clean_room (0.00080155395)",34637
307,7368,indoor,"museum/indoor (0.978962), art_gallery (0.013355287), clean_room (0.0027246017), science_museum (0.002322486), shower (0.0009807781)",34637
308,7392,indoor,"museum/indoor (0.97020155), art_gallery (0.009079437), stage/indoor (0.008586929), shower (0.0058098645), science_museum (0.0013450421)",34637
309,7416,indoor,"museum/indoor (0.701047), stage/indoor (0.2393288), art_gallery (0.021743543), discotheque (0.009019796), arena/performance (0.008022694)",34637
310,7440,indoor,"museum/indoor (0.64761734), stage/indoor (0.23645014), art_gallery (0.029584875), arena/performance (0.020265186), discotheque (0.012653217)",34637
311,7464,indoor,"museum/indoor (0.6182463), stage/indoor (0.10743949), art_gallery (0.07624525), natural_history_museum (0.057601534), music_studio (0.028927429)",34637
312,7488,indoor,"museum/indoor (0.30650267), natural_history_museum (0.14627005), art_gallery (0.14005768), jewelry_shop (0.07061538), clean_room (0.043777376)",34637
313,7512,indoor,"museum/indoor (0.28659213), natural_history_museum (0.19527657), art_gallery (0.109805584), jewelry_shop (0.09630223), gift_shop (0.067006566)",34637
314,7536,indoor,"museum/indoor (0.6390378), natural_history_museum (0.26680854), art_gallery (0.028215786), science_museum (0.01638416), nursery (0.0059561627)",34637
315,7560,indoor,"museum/indoor (0.47894096), natural_history_museum (0.28478086), art_gallery (0.050979275), science_museum (0.03380697), nursery (0.023315975)",34637
316,7584,indoor,"museum/indoor (0.34876776), pond (0.09112796), stage/indoor (0.05901139), natural_history_museum (0.05070941), lake/natural (0.031791326)",34637
317,7608,indoor,"museum/indoor (0.50560707), natural_history_museum (0.2109075), stage/indoor (0.08475731), science_museum (0.040673442), art_gallery (0.039992254)",34637
318,7632,indoor,"museum/indoor (0.5688933), natural_history_museum (0.19921298), art_gallery (0.0566661), stage/indoor (0.0441141), science_museum (0.04136681)",34637
319,7656,indoor,"museum/indoor (0.56054145), natural_history_museum (0.25575718), science_museum (0.062686875), art_gallery (0.037770014), stage/indoor (0.013374244)",34637
320,7680,indoor,"museum/indoor (0.6855185), natural_history_museum (0.18291695), art_gallery (0.03996571), science_museum (0.0398058), stage/indoor (0.0066377083)",34637
321,7704,indoor,"museum/indoor (0.81474835), natural_history_museum (0.11210811), art_gallery (0.031857066), science_museum (0.02311371), archive (0.0028300544)",34637
322,7728,indoor,"museum/indoor (0.87534493), natural_history_museum (0.080741316), art_gallery (0.019418912), science_museum (0.011778098), archive (0.0029979302)",34637
323,7752,indoor,"museum/indoor (0.8660241), natural_history_museum (0.09345686), art_gallery (0.019785939), science_museum (0.0117808245), archive (0.0020409992)",34637
324,7776,indoor,"museum/indoor (0.7256518), natural_history_museum (0.14384913), art_gallery (0.038565416), science_museum (0.027444951), stage/indoor (0.0076123006)",34637
325,7800,indoor,"museum/indoor (0.528885), stage/indoor (0.14815705), natural_history_museum (0.057521474), discotheque (0.053637136), ballroom (0.0416767)",34637
326,7824,indoor,"museum/indoor (0.81897193), natural_history_museum (0.10879948), art_gallery (0.025221443), science_museum (0.018144991), stage/indoor (0.007511811)",34637
327,7848,indoor,"natural_history_museum (0.33644402), museum/indoor (0.32089204), art_gallery (0.060086608), science_museum (0.042730898), pond (0.03230793)",34637
328,7872,indoor,"museum/indoor (0.37505636), natural_history_museum (0.09025864), art_gallery (0.05870517), nursery (0.05241572), science_museum (0.05126356)",34637
329,7896,indoor,"museum/indoor (0.5434508), natural_history_museum (0.13361341), science_museum (0.04981487), art_gallery (0.046894956), nursery (0.031938013)",34637
330,7920,indoor,"museum/indoor (0.48273212), natural_history_museum (0.1470657), science_museum (0.057158753), art_gallery (0.043399613), nursery (0.030905887)",34637
331,7944,indoor,"museum/indoor (0.5169489), natural_history_museum (0.12068138), science_museum (0.056918006), art_gallery (0.051559415), stage/indoor (0.03309375)",34637
332,7968,indoor,"museum/indoor (0.49254206), natural_history_museum (0.13077441), art_gallery (0.0704117), science_museum (0.05768736), jewelry_shop (0.030219171)",34637
333,7992,indoor,"museum/indoor (0.7955716), natural_history_museum (0.0762677), art_gallery (0.032075234), science_museum (0.02592807), stage/indoor (0.014429934)",34637
334,8016,indoor,"museum/indoor (0.51380014), natural_history_museum (0.2594099), science_museum (0.06204635), jewelry_shop (0.03623749), art_gallery (0.03456925)",34637
335,8040,indoor,"museum/indoor (0.65865314), natural_history_museum (0.1499209), art_gallery (0.06761048), science_museum (0.041765027), jewelry_shop (0.012803207)",34637
336,8064,indoor,"museum/indoor (0.67332053), natural_history_museum (0.15944944), art_gallery (0.05308758), science_museum (0.042640593), jewelry_shop (0.01399227)",34637
337,8088,indoor,"museum/indoor (0.621786), natural_history_museum (0.18120527), art_gallery (0.05562356), science_museum (0.050455503), nursery (0.016928785)",34637
338,8112,indoor,"museum/indoor (0.52327025), natural_history_museum (0.22036499), art_gallery (0.07550071), science_museum (0.057711568), jewelry_shop (0.026222564)",34637
339,8136,indoor,"museum/indoor (0.75869846), natural_history_museum (0.12925152), art_gallery (0.036584366), science_museum (0.035989057), nursery (0.009748609)",34637
340,8160,indoor,"museum/indoor (0.6231607), natural_history_museum (0.17030889), art_gallery (0.062612936), science_museum (0.045912173), nursery (0.016225334)",34637
341,8184,indoor,"museum/indoor (0.66562104), natural_history_museum (0.15156458), art_gallery (0.05926661), science_museum (0.056880318), nursery (0.007987951)",34637
342,8208,indoor,"museum/indoor (0.68937576), natural_history_museum (0.15352008), art_gallery (0.048809733), science_museum (0.0447423), nursery (0.01468909)",34637
343,8232,indoor,"museum/indoor (0.6578439), natural_history_museum (0.11682633), art_gallery (0.045052424), science_museum (0.042872228), nursery (0.027433198)",34637
344,8256,indoor,"museum/indoor (0.61154693), natural_history_museum (0.12887755), art_gallery (0.04625106), science_museum (0.042898163), nursery (0.025953822)",34637
345,8280,indoor,"museum/indoor (0.629765), natural_history_museum (0.12933521), art_gallery (0.054982714), science_museum (0.04677526), nursery (0.01926577)",34637
346,8304,indoor,"museum/indoor (0.7515156), natural_history_museum (0.09458747), art_gallery (0.04313186), science_museum (0.03648773), stage/indoor (0.010357827)",34637
347,8328,indoor,"museum/indoor (0.65293956), natural_history_museum (0.12673114), art_gallery (0.055198878), science_museum (0.042230483), stage/indoor (0.01767011)",34637
348,8352,indoor,"museum/indoor (0.6905232), natural_history_museum (0.1160237), science_museum (0.0645721), art_gallery (0.0343382), dressing_room (0.030504933)",34637
349,8376,indoor,"museum/indoor (0.6635858), dressing_room (0.08229757), natural_history_museum (0.06009351), art_gallery (0.057400823), science_museum (0.03865071)",34637
350,8400,indoor,"museum/indoor (0.6684688), art_gallery (0.06872029), dressing_room (0.060780574), science_museum (0.044659734), natural_history_museum (0.031057572)",34637
351,8424,indoor,"museum/indoor (0.77847207), art_gallery (0.050947145), science_museum (0.044201303), natural_history_museum (0.038952235), dressing_room (0.01858501)",34637
352,8448,indoor,"museum/indoor (0.72689205), natural_history_museum (0.058718864), art_gallery (0.053792324), science_museum (0.04446723), dressing_room (0.04080095)",34637
353,8472,indoor,"museum/indoor (0.7727532), natural_history_museum (0.060827263), art_gallery (0.041655686), science_museum (0.041487273), dressing_room (0.025386553)",34637
354,8496,indoor,"museum/indoor (0.7951528), science_museum (0.06574184), natural_history_museum (0.060558956), art_gallery (0.045775946), dressing_room (0.00822985)",34637
355,8520,indoor,"museum/indoor (0.8753726), natural_history_museum (0.040029325), art_gallery (0.035442144), science_museum (0.029703218), dressing_room (0.0053368257)",34637
356,8544,indoor,"museum/indoor (0.8810807), natural_history_museum (0.038876288), science_museum (0.03179906), art_gallery (0.0304236), dressing_room (0.0044874297)",34637
357,8568,indoor,"museum/indoor (0.8504535), natural_history_museum (0.044807177), art_gallery (0.044069998), science_museum (0.04244144), art_studio (0.004772027)",34637
358,8592,indoor,"museum/indoor (0.82756186), art_gallery (0.059378933), natural_history_museum (0.049603064), science_museum (0.043200858), art_studio (0.005857154)",34637
359,8616,indoor,"museum/indoor (0.81576264), art_gallery (0.07440446), natural_history_museum (0.04299794), science_museum (0.035481643), art_studio (0.00854541)",34637
360,8640,indoor,"museum/indoor (0.8533528), natural_history_museum (0.05110755), art_gallery (0.041509505), science_museum (0.03245794), art_studio (0.005643901)",34637
361,8664,indoor,"museum/indoor (0.86229676), art_gallery (0.048837896), natural_history_museum (0.043151405), science_museum (0.02726913), art_studio (0.0063594384)",34637
362,8688,indoor,"museum/indoor (0.8106312), art_gallery (0.07097816), natural_history_museum (0.05675167), science_museum (0.03469233), art_studio (0.008934717)",34637
363,8712,indoor,"museum/indoor (0.7616249), natural_history_museum (0.07606903), art_gallery (0.06761159), science_museum (0.04751234), dressing_room (0.018114595)",34637
364,8736,indoor,"museum/indoor (0.8073535), natural_history_museum (0.07157221), science_museum (0.047870364), art_gallery (0.030012358), dressing_room (0.009204162)",34637
365,8760,indoor,"museum/indoor (0.7764807), natural_history_museum (0.104848385), science_museum (0.05011517), art_gallery (0.030634934), dressing_room (0.009687439)",34637
366,8784,indoor,"museum/indoor (0.6988771), natural_history_museum (0.09687225), science_museum (0.08925855), art_gallery (0.04359131), dressing_room (0.023165656)",34637
367,8808,indoor,"museum/indoor (0.5419032), natural_history_museum (0.11177377), art_gallery (0.0637259), science_museum (0.06229501), shower (0.041996915)",34637
368,8832,indoor,"museum/indoor (0.45720676), natural_history_museum (0.11993047), shower (0.06761838), art_gallery (0.06567563), science_museum (0.054413375)",34637
369,8856,indoor,"museum/indoor (0.49725875), art_gallery (0.2027009), dressing_room (0.058594555), science_museum (0.0543316), clean_room (0.03787878)",34637
370,8880,indoor,"museum/indoor (0.5157409), art_gallery (0.23053065), science_museum (0.08365374), natural_history_museum (0.066424176), clean_room (0.041603796)",34637
371,8904,indoor,"museum/indoor (0.83845145), art_gallery (0.06791097), science_museum (0.035802748), natural_history_museum (0.03165372), dressing_room (0.013343139)",34637
372,8928,indoor,"museum/indoor (0.97426605), art_gallery (0.011699144), science_museum (0.0051058135), natural_history_museum (0.0024817411), dressing_room (0.0024184766)",34637
373,8952,indoor,"museum/indoor (0.9677458), art_gallery (0.013853818), dressing_room (0.0069836853), science_museum (0.00491448), natural_history_museum (0.0034489552)",34637
374,8976,indoor,"museum/indoor (0.9553562), dressing_room (0.012915161), science_museum (0.010441874), natural_history_museum (0.010067022), art_gallery (0.004411806)",34637
375,9000,indoor,"museum/indoor (0.8443827), dressing_room (0.08639744), science_museum (0.022013862), art_gallery (0.015694398), natural_history_museum (0.012756329)",34637
376,9024,indoor,"archive (0.52277815), clean_room (0.11667372), physics_laboratory (0.115421146), chemistry_lab (0.057624422), biology_laboratory (0.027107552)",34637
377,9048,indoor,"archive (0.5762426), clean_room (0.12619704), physics_laboratory (0.098471664), museum/indoor (0.032820463), chemistry_lab (0.03270473)",34637
378,9072,indoor,"archive (0.51471215), clean_room (0.13535877), physics_laboratory (0.12782066), chemistry_lab (0.04755678), dressing_room (0.034290116)",34637
379,9096,indoor,"archive (0.59232426), physics_laboratory (0.11037863), clean_room (0.074522704), chemistry_lab (0.03649647), museum/indoor (0.02767665)",34637
380,9120,indoor,"archive (0.54787564), clean_room (0.17637025), physics_laboratory (0.06776917), dressing_room (0.04017523), chemistry_lab (0.038735718)",34637
381,9144,indoor,"archive (0.42316243), physics_laboratory (0.12098962), clean_room (0.099224634), chemistry_lab (0.076282024), classroom (0.06644888)",34637
382,9168,indoor,"dressing_room (0.3531963), clean_room (0.27809864), archive (0.14770004), physics_laboratory (0.042208914), beauty_salon (0.042199817)",34637
383,9192,indoor,"clean_room (0.4043212), dressing_room (0.22397773), archive (0.14676818), museum/indoor (0.030933918), physics_laboratory (0.029159028)",34637
384,9216,indoor,"museum/indoor (0.33964822), clean_room (0.3084244), physics_laboratory (0.10637629), archive (0.0739054), dressing_room (0.054629296)",34637
385,9240,indoor,"clean_room (0.48955396), physics_laboratory (0.16087294), dressing_room (0.08829599), museum/indoor (0.06778997), archive (0.049811218)",34637
386,9264,indoor,"clean_room (0.82587296), museum/indoor (0.05632966), dressing_room (0.040544454), physics_laboratory (0.024795085), archive (0.021043336)",34637
387,9288,indoor,"clean_room (0.69034153), museum/indoor (0.12794061), archive (0.07150761), physics_laboratory (0.043642163), dressing_room (0.042726636)",34637
388,9312,indoor,"clean_room (0.4318094), museum/indoor (0.3776523), archive (0.090592384), physics_laboratory (0.05780819), dressing_room (0.011011033)",34637
389,9336,indoor,"museum/indoor (0.5022472), clean_room (0.18984218), archive (0.16607006), physics_laboratory (0.06436426), dressing_room (0.0138944285)",34637
390,9360,indoor,"clean_room (0.39089411), dressing_room (0.19519846), museum/indoor (0.18216132), archive (0.14964816), physics_laboratory (0.03335019)",34637
391,9384,indoor,"archive (0.45565754), clean_room (0.26837662), museum/indoor (0.14735895), physics_laboratory (0.03621419), dressing_room (0.027331214)",34637
392,9408,indoor,"archive (0.4304286), clean_room (0.34039477), museum/indoor (0.111935996), physics_laboratory (0.028536616), dressing_room (0.025557475)",34637
393,9432,indoor,"clean_room (0.83825016), archive (0.06451875), operating_room (0.0412132), physics_laboratory (0.014174485), museum/indoor (0.0110622)",34637
394,9456,indoor,"clean_room (0.8210282), archive (0.055973537), operating_room (0.045339383), museum/indoor (0.035316776), physics_laboratory (0.01159924)",34637
395,9480,indoor,"clean_room (0.8127395), archive (0.08698637), museum/indoor (0.033107772), operating_room (0.02824128), physics_laboratory (0.02319527)",34637
396,9504,indoor,"clean_room (0.775879), archive (0.11004011), museum/indoor (0.04668781), physics_laboratory (0.030537022), operating_room (0.020877274)",34637
397,9528,indoor,"clean_room (0.8308807), archive (0.07461905), museum/indoor (0.05154548), physics_laboratory (0.01911812), operating_room (0.011279626)",34637
398,9552,indoor,"clean_room (0.9803848), operating_room (0.009608788), physics_laboratory (0.003410546), archive (0.0029065975), biology_laboratory (0.00077409355)",34637
399,9576,indoor,"clean_room (0.98643076), operating_room (0.0042297663), physics_laboratory (0.0040388554), archive (0.002444707), museum/indoor (0.0010284529)",34637
400,9600,indoor,"clean_room (0.8359247), physics_laboratory (0.042532235), archive (0.038220882), operating_room (0.03804164), music_studio (0.016693123)",34637
401,9624,indoor,"clean_room (0.90137446), archive (0.02343653), museum/indoor (0.018232696), physics_laboratory (0.011225447), operating_room (0.009085228)",34637
402,9648,indoor,"clean_room (0.8174763), archive (0.08102537), physics_laboratory (0.029661361), museum/indoor (0.026741307), operating_room (0.0091871545)",34637
403,9672,indoor,"clean_room (0.89239734), operating_room (0.031702954), physics_laboratory (0.024370892), museum/indoor (0.012290407), nursing_home (0.01060389)",34637
404,9696,indoor,"clean_room (0.9009518), archive (0.026753165), museum/indoor (0.025644686), chemistry_lab (0.013133696), physics_laboratory (0.012176375)",34637
405,9720,indoor,"dressing_room (0.5733045), clean_room (0.2693058), archive (0.08566829), museum/indoor (0.045253333), music_studio (0.013388983)",34637
406,9744,indoor,"dressing_room (0.35853854), computer_room (0.32559335), office (0.0971825), office_cubicles (0.0376416), archive (0.03225967)",34637
407,9768,indoor,"dressing_room (0.49474195), computer_room (0.111222856), clean_room (0.058321618), office (0.04942781), beauty_salon (0.044730514)",34637
408,9792,indoor,"clean_room (0.48364735), office (0.1602766), home_office (0.09299065), computer_room (0.05922356), dressing_room (0.051238224)",34637
409,9816,indoor,"clean_room (0.7212772), dressing_room (0.10209448), office (0.040659167), clothing_store (0.033116188), reception (0.014430021)",34637
410,9840,indoor,"dressing_room (0.6054761), clothing_store (0.07913199), clean_room (0.06950147), closet (0.06723727), elevator/door (0.030611152)",34637
411,9864,indoor,"museum/indoor (0.29854247), clean_room (0.093935445), discotheque (0.090324946), archive (0.085459724), elevator_lobby (0.07318777)",34637
412,9888,indoor,"clean_room (0.4779657), elevator/door (0.1431577), bathroom (0.060864363), utility_room (0.048797943), elevator_lobby (0.03723652)",34637
413,9912,indoor,"clean_room (0.79850775), elevator/door (0.0632324), shower (0.03110534), bathroom (0.021818424), operating_room (0.015112186)",34637
414,9936,indoor,"clean_room (0.9152893), elevator/door (0.02937998), bathroom (0.011006098), shower (0.010942288), art_gallery (0.005258822)",34637
415,9960,indoor,"clean_room (0.98213804), elevator/door (0.004170088), operating_room (0.0027458044), dressing_room (0.0025637634), bathroom (0.0019162463)",34637
416,9984,indoor,"clean_room (0.958609), elevator/door (0.011401397), art_gallery (0.005056493), dressing_room (0.0037012512), bathroom (0.003091196)",34637
417,10008,indoor,"clean_room (0.9965982), operating_room (0.000632018), art_gallery (0.0005649037), elevator/door (0.0004974168), dressing_room (0.00024847858)",34637
418,10032,indoor,"clean_room (0.8743539), elevator/door (0.04450688), dressing_room (0.018720351), bathroom (0.013789443), elevator_lobby (0.009970713)",34637
419,10056,indoor,"clean_room (0.89820635), elevator/door (0.030263107), art_gallery (0.017529514), museum/indoor (0.008267029), bathroom (0.0077626603)",34637
420,10080,indoor,"clean_room (0.9778335), art_gallery (0.003943182), museum/indoor (0.0036874183), elevator/door (0.003557452), operating_room (0.0029281673)",34637
421,10104,indoor,"clean_room (0.8062109), elevator/door (0.04284296), bathroom (0.029364858), art_gallery (0.023605837), dressing_room (0.019605493)",34637
422,10128,indoor,"stage/indoor (0.42124262), museum/indoor (0.17072167), art_gallery (0.11937461), discotheque (0.117017694), music_studio (0.036940187)",34637
423,10152,indoor,"museum/indoor (0.62514883), art_gallery (0.23843023), stage/indoor (0.036725532), discotheque (0.021390006), music_studio (0.020261582)",34637
424,10176,indoor,"museum/indoor (0.7900054), art_gallery (0.13056718), stage/indoor (0.034358278), discotheque (0.0073605487), music_studio (0.0064960704)",34637
425,10200,indoor,"clean_room (0.8221373), shower (0.124157906), bathroom (0.011757361), chemistry_lab (0.0106468685), elevator/door (0.0057973918)",34637
426,10224,indoor,"clean_room (0.9531662), shower (0.024314454), chemistry_lab (0.005234483), operating_room (0.0039577726), bathroom (0.0029363323)",34637
427,10248,indoor,"clean_room (0.8982955), shower (0.045776226), elevator/door (0.013556279), museum/indoor (0.008876675), chemistry_lab (0.006230446)",34637
428,10272,indoor,"clean_room (0.83203125), shower (0.045541033), elevator/door (0.030978963), museum/indoor (0.021880748), operating_room (0.011832892)",34637
429,10296,indoor,"clean_room (0.87879056), shower (0.026268385), chemistry_lab (0.01670985), museum/indoor (0.014153295), elevator/door (0.013849888)",34637
430,10320,indoor,"museum/indoor (0.85651636), art_gallery (0.13212684), stage/indoor (0.0034951027), natural_history_museum (0.0016438666), science_museum (0.0012772178)",34637
431,10344,indoor,"museum/indoor (0.82926863), art_gallery (0.15737586), stage/indoor (0.004182162), art_studio (0.0019379689), music_studio (0.0011099988)",34637
432,10368,indoor,"stage/indoor (0.21251875), museum/indoor (0.11701809), art_gallery (0.087710984), music_studio (0.07833498), discotheque (0.077519655)",34637
433,10392,indoor,"shower (0.46497416), clean_room (0.33849564), elevator/door (0.07278144), bathroom (0.026624082), locker_room (0.023449872)",34637
434,10416,indoor,"discotheque (0.3163364), dressing_room (0.28924754), stage/indoor (0.109906875), music_studio (0.06927015), clean_room (0.05655779)",34637
435,10440,indoor,"discotheque (0.6584808), skyscraper (0.12470585), stage/indoor (0.09212762), music_studio (0.05452923), office_building (0.018581161)",34637
436,10464,indoor,"discotheque (0.630889), stage/indoor (0.20631056), music_studio (0.11970337), skyscraper (0.016215406), dressing_room (0.0040390254)",34637
437,10488,indoor,"discotheque (0.794924), music_studio (0.1027825), stage/indoor (0.082105555), shower (0.0075787315), skyscraper (0.005079741)",34637
438,10512,indoor,"elevator/door (0.5187292), closet (0.12208926), jail_cell (0.05302663), basement (0.05003783), shower (0.049603716)",34637
439,10536,indoor,"museum/indoor (0.68937206), clean_room (0.19308461), archive (0.03230065), art_gallery (0.029753035), dressing_room (0.018556487)",34637
440,10560,indoor,"museum/indoor (0.81873626), art_gallery (0.06884729), clean_room (0.06791061), archive (0.013921648), art_studio (0.009620674)",34637
441,10584,indoor,"museum/indoor (0.83679515), clean_room (0.07043616), art_gallery (0.047107607), archive (0.021417277), art_studio (0.0056776926)",34637
442,10608,indoor,"museum/indoor (0.92586076), clean_room (0.031352095), art_gallery (0.028048893), archive (0.007361738), art_studio (0.0024918132)",34637
443,10632,indoor,"museum/indoor (0.8587199), clean_room (0.09437127), art_gallery (0.022256829), archive (0.013099035), art_studio (0.0045390655)",34637
444,10656,indoor,"museum/indoor (0.82012373), clean_room (0.09885503), art_gallery (0.03858318), archive (0.02190499), art_studio (0.0058481)",34637
445,10680,indoor,"museum/indoor (0.94336104), art_gallery (0.018037176), archive (0.016478542), clean_room (0.011669468), art_studio (0.0029455104)",34637
446,10704,indoor,"museum/indoor (0.9818112), art_gallery (0.0088619515), archive (0.0047463705), clean_room (0.0027446814), art_studio (0.0006272147)",34637
447,10728,indoor,"museum/indoor (0.9813902), art_gallery (0.009163479), archive (0.0055650487), clean_room (0.0013219219), art_studio (0.00072482135)",34637
448,10752,indoor,"museum/indoor (0.9873707), art_gallery (0.00652074), archive (0.003567211), clean_room (0.0012563968), art_studio (0.00045601767)",34637
449,10776,indoor,"museum/indoor (0.98762673), art_gallery (0.009885869), archive (0.0008840621), clean_room (0.0005661673), art_studio (0.0005495798)",34637
450,10800,indoor,"museum/indoor (0.9922168), art_gallery (0.004980304), archive (0.0013856433), clean_room (0.0005532605), art_studio (0.0004064842)",34637
451,10824,indoor,"museum/indoor (0.9902261), art_gallery (0.008252615), archive (0.00074106065), art_studio (0.0003279558), clean_room (0.000114784445)",34637
452,10848,indoor,"museum/indoor (0.97717655), art_gallery (0.014520353), archive (0.0057661715), clean_room (0.00091991655), art_studio (0.00078330794)",34637
453,10872,indoor,"museum/indoor (0.90577763), archive (0.046859175), art_gallery (0.031425785), clean_room (0.0073904227), art_studio (0.0035748894)",34637
454,10896,indoor,"museum/indoor (0.9025255), archive (0.043882027), art_gallery (0.028583594), clean_room (0.015690759), art_studio (0.0033298042)",34637
455,10920,indoor,"museum/indoor (0.80551845), archive (0.08725315), clean_room (0.07604442), art_gallery (0.021466237), art_studio (0.002297442)",34637
456,10944,indoor,"museum/indoor (0.7704527), clean_room (0.16226478), archive (0.04462192), art_gallery (0.014581563), art_studio (0.0019171628)",34637
457,10968,indoor,"museum/indoor (0.8049361), clean_room (0.094083), archive (0.061024655), art_gallery (0.028496696), art_studio (0.0030604533)",34637
458,10992,indoor,"museum/indoor (0.8941599), archive (0.04737297), clean_room (0.031949017), art_gallery (0.020948362), art_studio (0.0017966157)",34637
459,11016,indoor,"museum/indoor (0.9232804), archive (0.028363034), clean_room (0.025248533), art_gallery (0.01908895), art_studio (0.0012689991)",34637
460,11040,indoor,"clean_room (0.6746516), museum/indoor (0.1503433), dressing_room (0.039183836), archive (0.028188871), nursery (0.01885651)",34637
461,11064,indoor,"clean_room (0.19403026), bathroom (0.1497055), archive (0.11405112), restaurant (0.08478236), classroom (0.05293521)",34637
462,11088,indoor,"classroom (0.39251548), lecture_room (0.11007105), restaurant (0.07702355), cafeteria (0.06825353), dining_hall (0.064192235)",34637
463,11112,indoor,"clean_room (0.2963513), office (0.11911183), dressing_room (0.105864815), archive (0.08750817), office_cubicles (0.03413529)",34637
464,11136,indoor,"reception (0.38270336), office (0.20304357), conference_room (0.064632334), waiting_room (0.05708746), office_cubicles (0.053954463)",34637
465,11160,indoor,"reception (0.32678375), office (0.19291699), museum/indoor (0.05989053), clean_room (0.059200294), dressing_room (0.059013654)",34637
466,11184,indoor,"clean_room (0.51102227), reception (0.11008661), office (0.09256987), dressing_room (0.06463115), artists_loft (0.039188627)",34637
467,11208,indoor,"clean_room (0.15171792), dressing_room (0.12867478), museum/indoor (0.11758237), office (0.116275914), archive (0.065553136)",34637
468,11232,indoor,"archive (0.33185494), office (0.090208605), clean_room (0.06630753), classroom (0.06577025), library/indoor (0.059170794)",34637
469,11256,indoor,"clean_room (0.44988158), archive (0.08717951), office (0.076409325), museum/indoor (0.055459604), office_cubicles (0.03323005)",34637
470,11280,indoor,"chemistry_lab (0.5434286), physics_laboratory (0.17573175), clean_room (0.140819), biology_laboratory (0.070008665), beauty_salon (0.01902618)",34637
471,11304,indoor,"clean_room (0.14145826), dressing_room (0.1299537), bathroom (0.057106353), museum/indoor (0.05419296), locker_room (0.043621123)",34637
472,11328,indoor,"dressing_room (0.3569826), clean_room (0.17307435), shower (0.17118055), bow_window/indoor (0.07009014), bathroom (0.06229179)",34637
473,11352,indoor,"dressing_room (0.61044776), shower (0.10045475), bathroom (0.09958626), clean_room (0.04585196), beauty_salon (0.02828343)",34637
474,11376,indoor,"dressing_room (0.32763812), clean_room (0.1137967), shower (0.064666376), bow_window/indoor (0.06031169), hospital_room (0.047443453)",34637
475,11400,indoor,"dressing_room (0.8919569), clean_room (0.04170107), beauty_salon (0.010945841), hospital_room (0.00742511), chemistry_lab (0.007187911)",34637
476,11424,indoor,"classroom (0.32548726), chemistry_lab (0.14567578), dressing_room (0.06810518), lecture_room (0.05909304), office (0.051265527)",34637
477,11448,indoor,"classroom (0.41958156), chemistry_lab (0.1258375), lecture_room (0.07819951), clean_room (0.05126058), archive (0.034345116)",34637
478,11472,indoor,"classroom (0.39822093), chemistry_lab (0.10687401), lecture_room (0.09316349), office (0.058980923), nursing_home (0.056527637)",34637
479,11496,indoor,"classroom (0.40963024), lecture_room (0.11301666), office (0.0996528), chemistry_lab (0.09246742), archive (0.042571187)",34637
480,11520,indoor,"chemistry_lab (0.15152086), classroom (0.14257681), office (0.11450949), nursing_home (0.093952425), lecture_room (0.07611765)",34637
481,11544,indoor,"classroom (0.17372529), nursing_home (0.15749484), chemistry_lab (0.13235849), office (0.102389574), lecture_room (0.06910737)",34637
482,11568,indoor,"chemistry_lab (0.17881629), classroom (0.1759453), nursing_home (0.16134982), dressing_room (0.08211382), hospital_room (0.06884711)",34637
483,11592,indoor,"nursing_home (0.17649692), chemistry_lab (0.15255451), hospital_room (0.118324585), office (0.10535756), classroom (0.101201825)",34637
484,11616,indoor,"hospital_room (0.2029006), nursing_home (0.12327911), chemistry_lab (0.103493415), classroom (0.08376421), office (0.08029042)",34637
485,11640,indoor,"museum/indoor (0.8840337), archive (0.0398253), science_museum (0.036808956), clean_room (0.02194112), art_gallery (0.0056892564)",34637
486,11664,indoor,"museum/indoor (0.896675), science_museum (0.04725526), archive (0.022732038), clean_room (0.016982244), art_gallery (0.008169856)",34637
487,11688,indoor,"museum/indoor (0.8897964), science_museum (0.06496725), archive (0.019411523), art_gallery (0.011054606), clean_room (0.007014376)",34637
488,11712,indoor,"museum/indoor (0.90698487), science_museum (0.047366235), archive (0.016565466), art_gallery (0.013208185), clean_room (0.008802703)",34637
489,11736,indoor,"museum/indoor (0.93310773), science_museum (0.031707283), archive (0.017094735), art_gallery (0.009704219), clean_room (0.004528699)",34637
490,11760,indoor,"museum/indoor (0.9180798), science_museum (0.042940266), art_gallery (0.016209822), archive (0.014471784), clean_room (0.0041469634)",34637
491,11784,indoor,"museum/indoor (0.931864), science_museum (0.03987464), art_gallery (0.011703061), clean_room (0.006167968), archive (0.005862514)",34637
492,11808,indoor,"museum/indoor (0.946981), science_museum (0.023922032), archive (0.013509789), clean_room (0.006980103), art_gallery (0.0058960933)",34637
493,11832,indoor,"office (0.16128953), classroom (0.15871312), nursing_home (0.15615553), chemistry_lab (0.08495123), lecture_room (0.07572317)",34637
494,11856,indoor,"nursing_home (0.300614), office (0.22990413), classroom (0.10073466), chemistry_lab (0.056251947), hospital_room (0.04959901)",34637
495,11880,indoor,"office (0.2327613), classroom (0.14184515), nursing_home (0.13621655), chemistry_lab (0.06789236), lecture_room (0.05986042)",34637
496,11904,indoor,"office (0.36250472), nursing_home (0.14386463), hospital_room (0.060902175), office_cubicles (0.04465393), chemistry_lab (0.041584384)",34637
497,11928,indoor,"office (0.24453668), nursing_home (0.16721754), hospital_room (0.106073536), classroom (0.086364), chemistry_lab (0.08289307)",34637
498,11952,indoor,"office (0.24184738), nursing_home (0.1448925), classroom (0.11737859), hospital_room (0.07797483), chemistry_lab (0.06495716)",34637
499,11976,indoor,"nursing_home (0.36627024), office (0.14620528), chemistry_lab (0.080103114), classroom (0.069571234), hospital_room (0.060621466)",34637
500,12000,indoor,"nursing_home (0.43194497), office (0.16239637), dressing_room (0.06677025), hospital_room (0.05461986), classroom (0.05292883)",34637
501,12024,indoor,"office (0.30273545), nursing_home (0.23330307), chemistry_lab (0.06689544), dressing_room (0.047054168), classroom (0.04515908)",34637
502,12048,indoor,"nursing_home (0.1867882), chemistry_lab (0.16249223), office (0.14191231), classroom (0.09757258), hospital_room (0.049045645)",34637
503,12072,indoor,"classroom (0.49389553), lecture_room (0.19751854), hospital_room (0.0876678), nursing_home (0.03860042), chemistry_lab (0.031027673)",34637
504,12096,indoor,"archive (0.21968223), chemistry_lab (0.14416347), physics_laboratory (0.113954306), science_museum (0.08412486), museum/indoor (0.08396504)",34637
505,12120,indoor,"archive (0.44081494), science_museum (0.13938779), physics_laboratory (0.08597298), museum/indoor (0.08305416), chemistry_lab (0.07556256)",34637
506,12144,indoor,"archive (0.42004248), office (0.115593456), physics_laboratory (0.059791833), dressing_room (0.050323613), chemistry_lab (0.047373768)",34637
507,12168,indoor,"archive (0.31756356), office (0.20784123), classroom (0.05259306), physics_laboratory (0.04727026), dressing_room (0.045344327)",34637
508,12192,indoor,"archive (0.54900396), office (0.15478738), classroom (0.029799037), physics_laboratory (0.028022557), dressing_room (0.02163403)",34637
509,12216,indoor,"archive (0.3701079), office (0.120354615), dressing_room (0.09427536), classroom (0.049850672), clean_room (0.045492906)",34637
510,12240,indoor,"archive (0.32636532), office (0.28225312), dressing_room (0.06777105), classroom (0.03207279), clean_room (0.031141117)",34637
511,12264,indoor,"archive (0.3494099), office (0.22602671), physics_laboratory (0.046132203), museum/indoor (0.04590732), art_gallery (0.042126324)",34637
512,12288,indoor,"dressing_room (0.22237241), archive (0.21671008), office (0.19609873), clean_room (0.055662923), chemistry_lab (0.038713537)",34637
513,12312,indoor,"archive (0.70786625), museum/indoor (0.054986775), nursery (0.054924306), clean_room (0.04619637), sauna (0.038311947)",34637
514,12336,indoor,"archive (0.6331846), nursery (0.10852757), sauna (0.06250642), clean_room (0.059177183), museum/indoor (0.046532676)",34637
515,12360,indoor,"archive (0.7150748), nursery (0.07882497), clean_room (0.04654716), museum/indoor (0.04568361), sauna (0.030957865)",34637
516,12384,indoor,"archive (0.60237676), clean_room (0.095800385), sauna (0.08031008), museum/indoor (0.06727568), nursery (0.035058483)",34637
517,12408,indoor,"archive (0.56848365), nursery (0.13920546), clean_room (0.062187884), sauna (0.0589893), museum/indoor (0.0448553)",34637
518,12432,indoor,"archive (0.60904366), sauna (0.08544973), nursery (0.06833502), clean_room (0.060610738), museum/indoor (0.050479382)",34637
519,12456,indoor,"archive (0.76337516), nursery (0.04668985), museum/indoor (0.0410252), sauna (0.039625686), clean_room (0.029734986)",34637
520,12480,indoor,"archive (0.7688153), nursery (0.096585065), sauna (0.041050605), clean_room (0.015988164), museum/indoor (0.014167241)",34637
521,12504,indoor,"archive (0.7237539), museum/indoor (0.09002124), sauna (0.04415163), clean_room (0.03731335), nursery (0.029327078)",34637
522,12528,indoor,"archive (0.18119307), chemistry_lab (0.114753745), bar (0.099424705), dressing_room (0.051062983), office (0.049187362)",34637
523,12552,indoor,"archive (0.1416791), discotheque (0.13455546), dressing_room (0.11709395), bar (0.08097922), locker_room (0.050700497)",34637
524,12576,indoor,"archive (0.1574301), dressing_room (0.11778707), office (0.08207954), clean_room (0.07383042), bar (0.061449055)",34637
525,12600,indoor,"dressing_room (0.17639402), bar (0.13843027), discotheque (0.13487683), office (0.06142648), archive (0.035984665)",34637
526,12624,indoor,"dressing_room (0.17437129), archive (0.11664799), office (0.091778345), clean_room (0.057200078), bar (0.056713276)",34637
527,12648,indoor,"dressing_room (0.11729767), locker_room (0.11596406), archive (0.09595228), clean_room (0.09187932), physics_laboratory (0.07028272)",34637
528,12672,indoor,"archive (0.16736345), office (0.131028), clean_room (0.11430493), physics_laboratory (0.099670105), chemistry_lab (0.075056784)",34637
529,12696,indoor,"archive (0.2960411), chemistry_lab (0.14778998), physics_laboratory (0.12763874), office (0.0920279), clean_room (0.05189015)",34637
530,12720,indoor,"archive (0.3045853), clean_room (0.13434006), office (0.08758473), physics_laboratory (0.06767906), chemistry_lab (0.04737362)",34637
531,12744,indoor,"archive (0.21815342), airport_terminal (0.12213141), bowling_alley (0.08193089), classroom (0.07483365), subway_station/platform (0.038083963)",34637
532,12768,indoor,"archive (0.22938852), office_cubicles (0.1187876), classroom (0.08446462), computer_room (0.072145686), office (0.06386878)",34637
533,12792,indoor,"archive (0.2551977), office_cubicles (0.1271627), clean_room (0.12530373), office (0.06704454), physics_laboratory (0.04852429)",34637
534,12816,indoor,"archive (0.18322703), classroom (0.1739704), office_cubicles (0.12944557), computer_room (0.069970906), coffee_shop (0.056725267)",34637
535,12840,indoor,"dressing_room (0.98787063), archive (0.0032423928), museum/indoor (0.001982052), beauty_salon (0.0017397021), clean_room (0.0011722579)",34637
536,12864,indoor,"dressing_room (0.9871208), archive (0.0036306041), museum/indoor (0.0022511007), clean_room (0.0018180124), beauty_salon (0.0015410347)",34637
537,12888,indoor,"dressing_room (0.99028075), archive (0.002749842), museum/indoor (0.0016761408), beauty_salon (0.0013152353), clean_room (0.0010148213)",34637
538,12912,indoor,"dressing_room (0.9802407), archive (0.0064835506), museum/indoor (0.0028925028), clean_room (0.002759564), beauty_salon (0.0023760586)",34637
539,12936,indoor,"dressing_room (0.8425744), archive (0.06730533), museum/indoor (0.016068388), beauty_salon (0.01210875), chemistry_lab (0.011153199)",34637
540,12960,indoor,"dressing_room (0.8520605), archive (0.061301913), clean_room (0.0205484), chemistry_lab (0.011537385), beauty_salon (0.007985595)",34637
541,12984,indoor,"dressing_room (0.8511434), archive (0.079805955), clean_room (0.0155771375), museum/indoor (0.010969118), chemistry_lab (0.0063534537)",34637
542,13008,indoor,"dressing_room (0.8869589), archive (0.042197656), clean_room (0.022526138), beauty_salon (0.00833227), museum/indoor (0.0055543645)",34637
543,13032,indoor,"dressing_room (0.8892229), archive (0.059125666), clean_room (0.011702277), beauty_salon (0.0061671897), museum/indoor (0.0050460002)",34637
544,13056,indoor,"dressing_room (0.9020372), archive (0.056789488), clean_room (0.0121605415), beauty_salon (0.0060256994), museum/indoor (0.004836575)",34637
545,13080,indoor,"dressing_room (0.92970484), archive (0.03631914), beauty_salon (0.0070260167), clean_room (0.0064766034), museum/indoor (0.0026823701)",34637
546,13104,indoor,"dressing_room (0.9172786), archive (0.038318295), clean_room (0.00825359), beauty_salon (0.0077750185), museum/indoor (0.0048964135)",34637
547,13128,indoor,"dressing_room (0.7735932), archive (0.13078848), beauty_salon (0.014301145), reception (0.011660584), office (0.0106172655)",34637
548,13152,indoor,"dressing_room (0.74699867), archive (0.16411637), museum/indoor (0.016645815), office (0.011256099), reception (0.0072815116)",34637
549,13176,indoor,"dressing_room (0.7768913), archive (0.14752193), office (0.012518548), reception (0.008877886), museum/indoor (0.007675605)",34637
550,13200,indoor,"dressing_room (0.78456396), archive (0.12874715), office (0.014412322), museum/indoor (0.011860002), reception (0.008951486)",34637
551,13224,indoor,"dressing_room (0.84717804), archive (0.06798505), office (0.017616406), beauty_salon (0.01271304), reception (0.0125844395)",34637
552,13248,indoor,"dressing_room (0.7834515), archive (0.13745275), office (0.011423354), beauty_salon (0.010125725), clean_room (0.008051181)",34637
553,13272,indoor,"dressing_room (0.72924834), archive (0.1595261), clean_room (0.023398655), office (0.013816692), chemistry_lab (0.008639415)",34637
554,13296,indoor,"dressing_room (0.52371544), archive (0.2979894), clean_room (0.03263839), museum/indoor (0.02668844), office (0.019019239)",34637
555,13320,indoor,"dressing_room (0.8484659), archive (0.061534867), clean_room (0.033097226), museum/indoor (0.017145237), chemistry_lab (0.0053798263)",34637
556,13344,indoor,"dressing_room (0.8726526), archive (0.053849723), museum/indoor (0.026471164), clean_room (0.009660074), chemistry_lab (0.0051263133)",34637
557,13368,indoor,"dressing_room (0.7635349), archive (0.12571579), museum/indoor (0.025697224), clean_room (0.016870627), chemistry_lab (0.011214013)",34637
558,13392,indoor,"dressing_room (0.909382), archive (0.040947232), museum/indoor (0.0224139), clean_room (0.006576471), art_gallery (0.003013528)",34637
559,13416,indoor,"dressing_room (0.8697101), museum/indoor (0.08296533), archive (0.016001618), art_gallery (0.0064785765), clean_room (0.0062210467)",34637
560,13440,indoor,"dressing_room (0.90306824), archive (0.047153912), museum/indoor (0.021632532), art_gallery (0.0040468364), beauty_salon (0.0037953476)",34637
561,13464,indoor,"dressing_room (0.9604558), archive (0.018533723), museum/indoor (0.0052072215), clean_room (0.0028343562), beauty_salon (0.002506722)",34637
562,13488,indoor,"dressing_room (0.5594648), archive (0.16644756), clean_room (0.10818697), museum/indoor (0.023199832), beauty_salon (0.02125723)",34637
563,13512,indoor,"dressing_room (0.67784077), clean_room (0.1659877), archive (0.049309988), operating_room (0.012119998), museum/indoor (0.011854469)",34637
564,13536,indoor,"dressing_room (0.89095104), clean_room (0.047228582), archive (0.021089423), museum/indoor (0.0068069273), beauty_salon (0.0043590306)",34637
565,13560,indoor,"dressing_room (0.5753627), clean_room (0.18559274), archive (0.10266201), museum/indoor (0.03760483), chemistry_lab (0.010910418)",34637
566,13584,indoor,"dressing_room (0.7392926), clean_room (0.08677892), museum/indoor (0.052764993), archive (0.04416474), art_gallery (0.012894819)",34637
567,13608,indoor,"dressing_room (0.72767866), archive (0.096428834), clean_room (0.061307225), museum/indoor (0.045509767), art_gallery (0.010204169)",34637
568,13632,indoor,"dressing_room (0.745976), archive (0.11832481), museum/indoor (0.03687424), clean_room (0.036604278), art_gallery (0.011551819)",34637
569,13656,indoor,"dressing_room (0.7085044), clean_room (0.16469629), archive (0.048901204), museum/indoor (0.010100733), chemistry_lab (0.0084988335)",34637
570,13680,indoor,"dressing_room (0.87813157), clean_room (0.019125868), archive (0.018668659), beauty_salon (0.016463114), museum/indoor (0.012074332)",34637
571,13704,indoor,"dressing_room (0.7620601), archive (0.04371865), clean_room (0.043447405), beauty_salon (0.023543542), chemistry_lab (0.021700045)",34637
572,13728,indoor,"dressing_room (0.7840543), archive (0.048030153), clean_room (0.03982903), museum/indoor (0.032130986), art_studio (0.013448408)",34637
573,13752,indoor,"dressing_room (0.674387), archive (0.12865195), clean_room (0.047779504), museum/indoor (0.029397555), art_studio (0.015572014)",34637
574,13776,indoor,"dressing_room (0.55694616), archive (0.16970775), museum/indoor (0.10369535), clean_room (0.048323315), art_gallery (0.017004691)",34637
575,13800,indoor,"dressing_room (0.57759434), archive (0.11664861), clean_room (0.075925544), museum/indoor (0.024285298), biology_laboratory (0.023720467)",34637
576,13824,indoor,"dressing_room (0.71766895), archive (0.103407666), clean_room (0.03286071), museum/indoor (0.028815677), art_studio (0.015678605)",34637
577,13848,indoor,"dressing_room (0.9500076), archive (0.016273083), beauty_salon (0.008870749), museum/indoor (0.004684642), clean_room (0.0022809291)",34637
578,13872,indoor,"dressing_room (0.9081087), archive (0.029697295), beauty_salon (0.016948756), clean_room (0.0068774396), office (0.004055639)",34637
579,13896,indoor,"dressing_room (0.8604813), archive (0.055130046), beauty_salon (0.018958872), clean_room (0.009238909), chemistry_lab (0.007832993)",34637
580,13920,indoor,"dressing_room (0.817323), archive (0.07028178), beauty_salon (0.015270055), clean_room (0.014317187), chemistry_lab (0.00954013)",34637
581,13944,indoor,"dressing_room (0.78332174), beauty_salon (0.061735716), archive (0.039022993), chemistry_lab (0.014610515), jewelry_shop (0.012883594)",34637
582,13968,indoor,"office (0.38270506), dressing_room (0.14015234), reception (0.047694888), museum/indoor (0.04286361), clean_room (0.029634519)",34637
583,13992,indoor,"shower (0.4964621), bathroom (0.14401004), clean_room (0.078771956), hospital_room (0.054104906), locker_room (0.04508854)",34637
584,14016,indoor,"dressing_room (0.24967638), clean_room (0.12769623), bathroom (0.10705399), locker_room (0.07661252), shower (0.045733947)",34637
585,14040,indoor,"archive (0.4922744), locker_room (0.074439004), office (0.06507054), clean_room (0.058607876), classroom (0.039816145)",34637
586,14064,indoor,"clean_room (0.9491855), dressing_room (0.014732823), hospital_room (0.006311816), locker_room (0.005322869), operating_room (0.004695731)",34637
587,14088,indoor,"clean_room (0.7495458), dressing_room (0.08950887), museum/indoor (0.027965602), art_gallery (0.015635185), bathroom (0.012310094)",34637
588,14112,indoor,"clean_room (0.30246085), dining_room (0.11119891), dressing_room (0.10385032), office (0.05666716), archive (0.051267605)",34637
589,14136,indoor,"dining_room (0.12055668), office (0.11523539), archive (0.093768924), clean_room (0.0793779), restaurant (0.041818123)",34637
590,14160,indoor,"museum/indoor (0.28187948), clean_room (0.25942734), dressing_room (0.2099973), art_gallery (0.050779287), archive (0.045151755)",34637
591,14184,indoor,"clean_room (0.455355), office (0.082245424), archive (0.06319635), dressing_room (0.04441613), physics_laboratory (0.044134624)",34637
592,14208,indoor,"chemistry_lab (0.41449428), biology_laboratory (0.2818312), clean_room (0.15846114), beauty_salon (0.026605248), physics_laboratory (0.014006844)",34637
593,14232,indoor,"clean_room (0.72532904), biology_laboratory (0.102811545), chemistry_lab (0.052046586), beauty_salon (0.0258249), physics_laboratory (0.018155435)",34637
594,14256,indoor,"clean_room (0.39124236), chemistry_lab (0.19900489), beauty_salon (0.13873437), biology_laboratory (0.1233389), jewelry_shop (0.023779944)",34637
595,14280,indoor,"chemistry_lab (0.6245765), biology_laboratory (0.22379051), clean_room (0.10176026), beauty_salon (0.011882585), drugstore (0.00918384)",34637
596,14304,indoor,"chemistry_lab (0.49949977), biology_laboratory (0.44287887), clean_room (0.021930441), physics_laboratory (0.017404882), drugstore (0.0027882357)",34637
597,14328,indoor,"biology_laboratory (0.5423277), chemistry_lab (0.34977594), clean_room (0.040426843), physics_laboratory (0.027593147), beauty_salon (0.012601057)",34637
598,14352,indoor,"clean_room (0.66610605), chemistry_lab (0.10150838), beauty_salon (0.08930786), biology_laboratory (0.08726858), physics_laboratory (0.011014674)",34637
599,14376,indoor,"beauty_salon (0.50908333), biology_laboratory (0.17211139), clean_room (0.12933387), chemistry_lab (0.09739412), dressing_room (0.060390797)",34637
600,14400,indoor,"beauty_salon (0.5056911), biology_laboratory (0.18667528), clean_room (0.14564487), chemistry_lab (0.08675968), dressing_room (0.05567567)",34637
601,14424,indoor,"beauty_salon (0.31599545), dressing_room (0.2649207), clean_room (0.25270042), biology_laboratory (0.09736961), chemistry_lab (0.048593123)",34637
602,14448,indoor,"dressing_room (0.4327475), beauty_salon (0.31991494), clean_room (0.20415439), jewelry_shop (0.018504586), biology_laboratory (0.005923735)",34637
603,14472,indoor,"clean_room (0.9851568), beauty_salon (0.00440847), operating_room (0.0039226124), dressing_room (0.0019117212), biology_laboratory (0.0013330191)",34637
604,14496,indoor,"clean_room (0.74649477), dressing_room (0.11384145), jewelry_shop (0.07260265), beauty_salon (0.014383354), art_gallery (0.011116577)",34637
605,14520,indoor,"clean_room (0.39978302), dressing_room (0.21499914), archive (0.111386366), chemistry_lab (0.045564372), nursing_home (0.044625375)",34637
606,14544,indoor,"dressing_room (0.48528352), clean_room (0.2967554), operating_room (0.077705145), chemistry_lab (0.045787398), hospital_room (0.026407277)",34637
607,14568,indoor,"clean_room (0.36054438), dressing_room (0.35139123), chemistry_lab (0.056746397), hospital_room (0.05168361), operating_room (0.044648483)",34637
608,14592,indoor,"clean_room (0.4922028), dressing_room (0.21264578), hospital_room (0.07714311), operating_room (0.07608732), chemistry_lab (0.061322343)",34637
609,14616,indoor,"clean_room (0.602669), dressing_room (0.24715659), hospital_room (0.06947081), operating_room (0.049075834), chemistry_lab (0.008674916)",34637
610,14640,indoor,"clean_room (0.5258439), dressing_room (0.2136987), operating_room (0.10624329), hospital_room (0.0727164), nursing_home (0.037109632)",34637
611,14664,indoor,"clean_room (0.537537), operating_room (0.19221312), hospital_room (0.11005297), nursing_home (0.059640493), dressing_room (0.05209378)",34637
612,14688,indoor,"clean_room (0.64473647), operating_room (0.10721582), hospital_room (0.09989031), nursing_home (0.069292426), dressing_room (0.057566863)",34637
613,14712,indoor,"clean_room (0.598453), dressing_room (0.10589911), operating_room (0.10168641), nursing_home (0.09744019), hospital_room (0.086067714)",34637
614,14736,indoor,"clean_room (0.66573703), nursing_home (0.17043622), operating_room (0.054092426), hospital_room (0.051761955), dressing_room (0.04669369)",34637
615,14760,indoor,"clean_room (0.8416554), operating_room (0.07053474), nursing_home (0.034803197), hospital_room (0.030441789), dressing_room (0.008847135)",34637
616,14784,indoor,"clean_room (0.69558597), hospital_room (0.090158165), dressing_room (0.07568108), nursing_home (0.05534084), operating_room (0.038145673)",34637
617,14808,indoor,"clean_room (0.41100115), dressing_room (0.23701641), chemistry_lab (0.066029206), biology_laboratory (0.06461736), nursing_home (0.0571081)",34637
618,14832,indoor,"clean_room (0.51163185), nursery (0.0980594), banquet_hall (0.06684418), hospital_room (0.049406208), dressing_room (0.037175905)",34637
619,14856,indoor,"clean_room (0.15879396), dressing_room (0.11145094), banquet_hall (0.107304774), restaurant (0.07863195), classroom (0.05421216)",34637
620,14880,indoor,"clean_room (0.44292295), dressing_room (0.09413463), classroom (0.07377256), hospital_room (0.06342047), archive (0.061070196)",34637
621,14904,indoor,"banquet_hall (0.25435856), clean_room (0.19998045), dressing_room (0.06614771), nursery (0.0639817), hotel_room (0.04725772)",34637
622,14928,indoor,"clean_room (0.6901356), nursery (0.13635285), hospital_room (0.062298834), dressing_room (0.041035965), operating_room (0.021889146)",34637
623,14952,indoor,"clean_room (0.47978824), dressing_room (0.0783711), banquet_hall (0.06927242), nursing_home (0.06448487), restaurant (0.0539649)",34637
624,14976,indoor,"clean_room (0.75462747), dressing_room (0.08552611), hospital_room (0.035503194), biology_laboratory (0.034388337), nursing_home (0.023350207)",34637
625,15000,indoor,"clean_room (0.31568208), dressing_room (0.29613137), nursing_home (0.101668656), hospital_room (0.0643141), banquet_hall (0.05809896)",34637
626,15024,indoor,"clean_room (0.41916662), dressing_room (0.31672296), nursery (0.06612784), nursing_home (0.060177762), hospital_room (0.053154867)",34637
627,15048,indoor,"clean_room (0.79540783), dressing_room (0.10997567), hospital_room (0.050507408), nursing_home (0.014793827), operating_room (0.013481333)",34637
628,15072,indoor,"clean_room (0.45438963), dressing_room (0.3829053), nursing_home (0.06130646), hospital_room (0.050335046), operating_room (0.012921846)",34637
629,15096,indoor,"clean_room (0.4534519), dressing_room (0.32605335), nursing_home (0.10650918), hospital_room (0.06947553), operating_room (0.021808617)",34637
630,15120,indoor,"clean_room (0.4181958), dressing_room (0.41136688), hospital_room (0.07281472), nursing_home (0.05179691), operating_room (0.014946916)",34637
631,15144,indoor,"clean_room (0.8520609), dressing_room (0.066294774), hospital_room (0.037904147), nursing_home (0.021223543), operating_room (0.012951231)",34637
632,15168,indoor,"clean_room (0.8189923), dressing_room (0.09661851), hospital_room (0.034195922), nursing_home (0.022815054), operating_room (0.014121811)",34637
633,15192,indoor,"clean_room (0.4208966), dressing_room (0.37583733), hospital_room (0.05289322), chemistry_lab (0.031983487), biology_laboratory (0.026239514)",34637
634,15216,indoor,"dressing_room (0.6821365), clean_room (0.20739408), hospital_room (0.033341337), chemistry_lab (0.016836314), biology_laboratory (0.011052048)",34637
635,15240,indoor,"dressing_room (0.524659), clean_room (0.42091808), hospital_room (0.018432803), nursing_home (0.009259451), chemistry_lab (0.008801177)",34637
636,15264,indoor,"clean_room (0.49348974), dressing_room (0.4400136), hospital_room (0.029072043), operating_room (0.011452607), nursing_home (0.007645979)",34637
637,15288,indoor,"dressing_room (0.6223979), clean_room (0.23907453), biology_laboratory (0.048351225), chemistry_lab (0.0451985), hospital_room (0.014456439)",34637
638,15312,indoor,"dressing_room (0.4646241), clean_room (0.2745822), hospital_room (0.11316151), operating_room (0.0402522), nursing_home (0.032787003)",34637
639,15336,indoor,"dressing_room (0.51556605), clean_room (0.25447437), hospital_room (0.10802771), operating_room (0.036872715), chemistry_lab (0.01665431)",34637
640,15360,indoor,"dressing_room (0.4089218), clean_room (0.26674858), hospital_room (0.19303228), nursing_home (0.04885118), operating_room (0.045316316)",34637
641,15384,indoor,"clean_room (0.47011918), dressing_room (0.3465952), hospital_room (0.078250736), operating_room (0.032404948), nursing_home (0.026797963)",34637
642,15408,indoor,"beauty_salon (0.8281495), drugstore (0.048134394), jewelry_shop (0.04365138), chemistry_lab (0.037819404), pharmacy (0.0149377715)",34637
643,15432,indoor,"beauty_salon (0.7502467), chemistry_lab (0.10547035), drugstore (0.06950326), pharmacy (0.026708387), biology_laboratory (0.01786524)",34637
644,15456,indoor,"beauty_salon (0.88468474), drugstore (0.027554205), jewelry_shop (0.025890904), chemistry_lab (0.025045382), pharmacy (0.012069635)",34637
645,15480,indoor,"beauty_salon (0.8393124), jewelry_shop (0.049502734), drugstore (0.040507432), chemistry_lab (0.037633236), pharmacy (0.015569598)",34637
646,15504,indoor,"beauty_salon (0.7566154), jewelry_shop (0.09248686), drugstore (0.050240565), chemistry_lab (0.04435685), biology_laboratory (0.016566884)",34637
647,15528,indoor,"beauty_salon (0.65709233), jewelry_shop (0.14245477), drugstore (0.07575174), chemistry_lab (0.03776213), biology_laboratory (0.025656989)",34637
648,15552,indoor,"beauty_salon (0.6382185), jewelry_shop (0.11217541), drugstore (0.08134415), chemistry_lab (0.059592333), biology_laboratory (0.042179022)",34637
649,15576,indoor,"clean_room (0.47549188), dressing_room (0.15583041), operating_room (0.123367034), hospital_room (0.08192123), ballroom (0.048823398)",34637
650,15600,indoor,"clean_room (0.38621312), dressing_room (0.26505968), operating_room (0.10420194), hospital_room (0.0978868), beauty_salon (0.039309744)",34637
651,15624,indoor,"clean_room (0.36283457), dressing_room (0.167613), archive (0.1535991), operating_room (0.070144214), nursing_home (0.051611274)",34637
652,15648,indoor,"clean_room (0.7766217), operating_room (0.06932715), dressing_room (0.037699856), hospital_room (0.029813), archive (0.02080763)",34637
653,15672,indoor,"clean_room (0.7716891), archive (0.117301196), operating_room (0.066995874), hospital_room (0.010111528), nursing_home (0.009428782)",34637
654,15696,indoor,"clean_room (0.6664936), operating_room (0.20343274), chemistry_lab (0.053336035), hospital_room (0.018838482), beauty_salon (0.018228699)",34637
655,15720,indoor,"chemistry_lab (0.113196366), physics_laboratory (0.110331476), archive (0.10295555), classroom (0.074191675), biology_laboratory (0.057549953)",34637
656,15744,indoor,"clean_room (0.8161421), archive (0.072864495), dressing_room (0.015889233), office (0.0125826225), chemistry_lab (0.0076583875)",34637
657,15768,indoor,"coffee_shop (0.20611738), clean_room (0.20312417), locker_room (0.10547926), bathroom (0.078212515), archive (0.04331945)",34637
658,15792,indoor,"beauty_salon (0.7053466), drugstore (0.07536695), jewelry_shop (0.07446617), biology_laboratory (0.04575092), chemistry_lab (0.041904397)",34637
659,15816,indoor,"beauty_salon (0.6751921), drugstore (0.094627984), biology_laboratory (0.0662282), chemistry_lab (0.058178972), pharmacy (0.04373941)",34637
660,15840,indoor,"dressing_room (0.8277962), chemistry_lab (0.07774671), biology_laboratory (0.039153986), clean_room (0.020474264), bathroom (0.016801484)",34637
661,15864,indoor,"dressing_room (0.7317583), chemistry_lab (0.118035845), beauty_salon (0.042436894), biology_laboratory (0.034381393), restaurant (0.022605032)",34637
662,15888,indoor,"banquet_hall (0.40002555), chemistry_lab (0.2006879), restaurant (0.15697902), clean_room (0.05780683), biology_laboratory (0.04345333)",34637
663,15912,indoor,"dressing_room (0.5952995), chemistry_lab (0.20625982), beauty_salon (0.06846267), bathroom (0.0640492), clean_room (0.024174834)",34637
664,15936,indoor,"dressing_room (0.98702615), beauty_salon (0.007657524), chemistry_lab (0.00113643), bathroom (0.0010427216), biology_laboratory (0.0008006841)",34637
665,15960,indoor,"dressing_room (0.7759576), chemistry_lab (0.11646575), biology_laboratory (0.033054788), bathroom (0.031837627), shower (0.008801349)",34637
666,15984,indoor,"dressing_room (0.9320836), clean_room (0.015501969), beauty_salon (0.014212957), biology_laboratory (0.008011213), chemistry_lab (0.0064588846)",34637
667,16008,indoor,"dressing_room (0.20196183), restaurant (0.15338413), biology_laboratory (0.12184265), chemistry_lab (0.09268275), coffee_shop (0.05729257)",34637
668,16032,indoor,"dressing_room (0.20037034), clean_room (0.11566923), biology_laboratory (0.11105474), restaurant (0.09502086), chemistry_lab (0.08457434)",34637
669,16056,indoor,"clean_room (0.18600275), biology_laboratory (0.17365344), chemistry_lab (0.14254174), dressing_room (0.09662726), restaurant (0.09057368)",34637
670,16080,indoor,"beauty_salon (0.78878736), chemistry_lab (0.087898254), biology_laboratory (0.039924324), drugstore (0.03708284), pharmacy (0.021428114)",34637
671,16104,indoor,"beauty_salon (0.6662052), drugstore (0.08724963), chemistry_lab (0.07564419), biology_laboratory (0.055996064), jewelry_shop (0.05216053)",34637
672,16128,indoor,"beauty_salon (0.40553796), drugstore (0.19126412), chemistry_lab (0.18254569), pharmacy (0.068519495), jewelry_shop (0.04521914)",34637
673,16152,indoor,"beauty_salon (0.31227756), chemistry_lab (0.23831229), drugstore (0.16825365), jewelry_shop (0.11760446), pharmacy (0.04876306)",34637
674,16176,indoor,"biology_laboratory (0.27453148), chemistry_lab (0.26940805), dressing_room (0.26297805), clean_room (0.083370656), beauty_salon (0.01630424)",34637
675,16200,indoor,"biology_laboratory (0.36715505), chemistry_lab (0.32283893), clean_room (0.18210575), dressing_room (0.030625375), restaurant (0.018192304)",34637
676,16224,indoor,"chemistry_lab (0.33629835), biology_laboratory (0.31776205), clean_room (0.07498731), dressing_room (0.07174073), restaurant (0.04346932)",34637
677,16248,indoor,"beauty_salon (0.41088334), drugstore (0.20959744), chemistry_lab (0.12346935), pharmacy (0.10847548), biology_laboratory (0.089380756)",34637
678,16272,indoor,"beauty_salon (0.52063376), drugstore (0.21327496), pharmacy (0.10241626), chemistry_lab (0.061057113), biology_laboratory (0.050948422)",34637
679,16296,indoor,"beauty_salon (0.5421414), drugstore (0.18374029), pharmacy (0.08843617), jewelry_shop (0.055155423), biology_laboratory (0.0545699)",34637
680,16320,indoor,"chemistry_lab (0.32675874), beauty_salon (0.25230652), drugstore (0.10044104), jewelry_shop (0.08328769), biology_laboratory (0.08206354)",34637
681,16344,indoor,"beauty_salon (0.3360711), chemistry_lab (0.2850942), jewelry_shop (0.15941855), biology_laboratory (0.06803382), dressing_room (0.04979892)",34637
682,16368,indoor,"beauty_salon (0.7078895), chemistry_lab (0.11059112), biology_laboratory (0.07804921), drugstore (0.035435848), pharmacy (0.026569802)",34637
683,16392,indoor,"beauty_salon (0.20226215), office_cubicles (0.11228633), dressing_room (0.101177424), office (0.099400796), chemistry_lab (0.06798836)",34637
684,16416,indoor,"chemistry_lab (0.29142267), biology_laboratory (0.16892649), clean_room (0.12895828), beauty_salon (0.08362475), drugstore (0.08253297)",34637
685,16440,indoor,"restaurant (0.16956136), classroom (0.1431168), chemistry_lab (0.08573183), dressing_room (0.07802496), office_cubicles (0.07656064)",34637
686,16464,indoor,"dressing_room (0.37150973), classroom (0.13832231), chemistry_lab (0.10627672), kindergarden_classroom (0.10305135), clean_room (0.04164822)",34637
687,16488,indoor,"classroom (0.2233776), dressing_room (0.18998316), kindergarden_classroom (0.0982058), cafeteria (0.07938838), office_cubicles (0.06776281)",34637
688,16512,indoor,"dressing_room (0.41939563), classroom (0.10032327), office_cubicles (0.08749908), kindergarden_classroom (0.07141726), chemistry_lab (0.05493331)",34637
689,16536,indoor,"dressing_room (0.22361581), office_cubicles (0.119657524), classroom (0.08646039), kindergarden_classroom (0.070467316), clean_room (0.06590979)",34637
690,16560,indoor,"dressing_room (0.7004217), nursery (0.06780311), clean_room (0.06333527), kindergarden_classroom (0.02222677), playroom (0.0220253)",34637
691,16584,indoor,"dressing_room (0.39309773), nursery (0.20949543), playroom (0.06735957), kindergarden_classroom (0.051762246), clean_room (0.04991489)",34637
692,16608,indoor,"dressing_room (0.34412587), classroom (0.12892652), chemistry_lab (0.117413126), kindergarden_classroom (0.11309981), clean_room (0.055646617)",34637
693,16632,indoor,"classroom (0.5058547), kindergarden_classroom (0.13081822), dressing_room (0.07973477), archive (0.058376778), clean_room (0.05742368)",34637
694,16656,indoor,"dining_room (0.2478942), restaurant (0.07219205), dressing_room (0.06652019), banquet_hall (0.06428081), nursery (0.051180113)",34637
695,16680,indoor,"dressing_room (0.26238734), clean_room (0.13289486), hospital_room (0.08073959), dining_room (0.071710676), nursery (0.07148221)",34637
696,16704,indoor,"dressing_room (0.3024748), clean_room (0.075499296), classroom (0.07386707), nursery (0.06976127), hospital_room (0.068316124)",34637
697,16728,indoor,"dressing_room (0.33590925), clean_room (0.15008572), hospital_room (0.10033817), dining_room (0.054025237), operating_room (0.03836751)",34637
698,16752,indoor,"dining_room (0.19073719), kindergarden_classroom (0.14276676), dressing_room (0.08318138), playroom (0.06273257), clean_room (0.056005385)",34637
699,16776,indoor,"dressing_room (0.23295906), classroom (0.08948379), dining_room (0.07428392), hospital_room (0.06623415), clean_room (0.06466405)",34637
700,16800,indoor,"dressing_room (0.3110512), hospital_room (0.14913031), clean_room (0.06511443), dining_room (0.06269523), classroom (0.04799044)",34637
701,16824,indoor,"dressing_room (0.32021153), dining_room (0.17940086), banquet_hall (0.07156472), hospital_room (0.061918505), classroom (0.042032387)",34637
702,16848,indoor,"dressing_room (0.23446228), dining_room (0.13216783), clean_room (0.09715656), hospital_room (0.07304425), chemistry_lab (0.06935975)",34637
703,16872,indoor,"dining_room (0.17838834), dressing_room (0.1403021), chemistry_lab (0.071120776), classroom (0.05795289), banquet_hall (0.056498118)",34637
704,16896,indoor,"dining_room (0.21818224), dressing_room (0.09709795), classroom (0.06713417), chemistry_lab (0.062102284), clean_room (0.05515885)",34637
705,16920,indoor,"discotheque (0.41569299), beauty_salon (0.14604211), biology_laboratory (0.11139208), chemistry_lab (0.08384941), dressing_room (0.07832883)",34637
706,16944,indoor,"discotheque (0.59896266), beauty_salon (0.13110755), dressing_room (0.06298947), biology_laboratory (0.05332802), chemistry_lab (0.04409881)",34637
707,16968,indoor,"discotheque (0.5026552), beauty_salon (0.15252973), biology_laboratory (0.10076899), chemistry_lab (0.0862435), dressing_room (0.071728125)",34637
708,16992,indoor,"discotheque (0.5148827), beauty_salon (0.17750242), dressing_room (0.11730068), biology_laboratory (0.056659974), chemistry_lab (0.041989706)",34637
709,17016,indoor,"dressing_room (0.8427694), clean_room (0.0971457), shower (0.01743498), locker_room (0.014100101), chemistry_lab (0.009336473)",34637
710,17040,indoor,"dressing_room (0.95604765), clean_room (0.014800439), shower (0.008623787), chemistry_lab (0.008368432), locker_room (0.0028794506)",34637
711,17064,indoor,"dressing_room (0.74701834), clean_room (0.11585145), shower (0.061553944), locker_room (0.024235776), bathroom (0.020143582)",34637
712,17088,indoor,"dressing_room (0.9082977), clean_room (0.046165712), shower (0.02108398), bathroom (0.007907488), locker_room (0.0061394405)",34637
713,17112,indoor,"biology_laboratory (0.22604598), chemistry_lab (0.22579324), beauty_salon (0.15438461), discotheque (0.13918667), clean_room (0.102961466)",34637
714,17136,indoor,"discotheque (0.6500516), beauty_salon (0.11157306), dressing_room (0.08862146), chemistry_lab (0.029875576), biology_laboratory (0.026373828)",34637
715,17160,indoor,"discotheque (0.48777658), beauty_salon (0.1458231), dressing_room (0.09894078), biology_laboratory (0.060890518), chemistry_lab (0.047993798)",34637
716,17184,indoor,"discotheque (0.52986676), dressing_room (0.15472412), beauty_salon (0.091276444), airplane_cabin (0.07971035), ice_cream_parlor (0.021463942)",34637
717,17208,indoor,"discotheque (0.5164199), dressing_room (0.11001244), beauty_salon (0.10722006), airplane_cabin (0.047678817), shower (0.029023224)",34637
718,17232,indoor,"discotheque (0.29644254), beauty_salon (0.25513548), dressing_room (0.21413928), airplane_cabin (0.06106841), ice_cream_parlor (0.025943033)",34637
719,17256,indoor,"discotheque (0.8331949), beauty_salon (0.022559425), clean_room (0.017883267), dressing_room (0.01585966), biology_laboratory (0.0136665385)",34637
720,17280,indoor,"discotheque (0.7133771), beauty_salon (0.055243846), clean_room (0.038888775), dressing_room (0.03829992), biology_laboratory (0.022421852)",34637
721,17304,indoor,"discotheque (0.6886845), dressing_room (0.07136584), beauty_salon (0.06100211), airplane_cabin (0.051874515), ice_cream_parlor (0.022638211)",34637
722,17328,indoor,"discotheque (0.699852), airplane_cabin (0.056825027), dressing_room (0.05323033), beauty_salon (0.04752906), clean_room (0.026710175)",34637
723,17352,indoor,"discotheque (0.72332364), dressing_room (0.075731084), beauty_salon (0.05848435), airplane_cabin (0.055159993), clean_room (0.009608066)",34637
724,17376,indoor,"discotheque (0.88356316), airplane_cabin (0.03303809), dressing_room (0.029713204), beauty_salon (0.020109832), bar (0.005908238)",34637
725,17400,indoor,"discotheque (0.72682714), airplane_cabin (0.06684046), dressing_room (0.066182554), beauty_salon (0.05497312), bar (0.010303524)",34637
726,17424,indoor,"discotheque (0.74221444), dressing_room (0.10399337), beauty_salon (0.065371916), airplane_cabin (0.02590064), shower (0.0060880063)",34637
727,17448,indoor,"discotheque (0.799644), dressing_room (0.04206783), beauty_salon (0.041415274), chemistry_lab (0.024089308), biology_laboratory (0.0206302)",34637
728,17472,indoor,"discotheque (0.5261093), beauty_salon (0.14625767), dressing_room (0.10310856), chemistry_lab (0.043906555), biology_laboratory (0.043575555)",34637
729,17496,indoor,"discotheque (0.76104414), beauty_salon (0.114802554), biology_laboratory (0.036251333), chemistry_lab (0.02205174), dressing_room (0.012459543)",34637
730,17520,indoor,"dressing_room (0.4406812), chemistry_lab (0.105285466), dining_room (0.06410978), clean_room (0.045909084), restaurant (0.044964697)",34637
731,17544,indoor,"dressing_room (0.36141115), dining_room (0.12970525), restaurant (0.11612541), hospital_room (0.078916006), chemistry_lab (0.064755626)",34637
732,17568,indoor,"dressing_room (0.71477747), clean_room (0.082825504), hospital_room (0.03900906), chemistry_lab (0.026088584), beauty_salon (0.018853063)",34637
733,17592,indoor,"dressing_room (0.61652255), clean_room (0.107678436), hospital_room (0.087774105), beauty_salon (0.023191927), operating_room (0.018618789)",34637
734,17616,indoor,"dressing_room (0.6318541), clean_room (0.09571621), hospital_room (0.055058897), chemistry_lab (0.025184944), archive (0.019531049)",34637
735,17640,indoor,"dressing_room (0.6999901), classroom (0.073829934), hospital_room (0.040873516), clean_room (0.024797875), nursery (0.021375699)",34637
736,17664,indoor,"dressing_room (0.6429416), classroom (0.049833838), office_cubicles (0.042392805), hospital_room (0.02691617), beauty_salon (0.023870185)",34637
737,17688,indoor,"dressing_room (0.9109959), beauty_salon (0.016385889), restaurant (0.010654775), office_cubicles (0.009199946), classroom (0.007284944)",34637
738,17712,indoor,"dressing_room (0.87639236), nursery (0.017901573), office (0.014671016), beauty_salon (0.010113192), office_cubicles (0.009976743)",34637
739,17736,indoor,"dressing_room (0.5202386), restaurant (0.12740584), dining_room (0.11699749), banquet_hall (0.06913795), dining_hall (0.0325782)",34637
740,17760,indoor,"dressing_room (0.8769988), beauty_salon (0.029098697), hospital_room (0.022133404), chemistry_lab (0.012791166), dining_room (0.0068157054)",34637
741,17784,indoor,"dressing_room (0.8501462), hospital_room (0.048377197), beauty_salon (0.019724948), clean_room (0.014195252), chemistry_lab (0.012140743)",34637
742,17808,indoor,"dressing_room (0.9016621), beauty_salon (0.023966802), chemistry_lab (0.020929093), restaurant (0.00805122), hospital_room (0.006319396)",34637
743,17832,indoor,"dressing_room (0.87458354), chemistry_lab (0.030115101), beauty_salon (0.016614921), hospital_room (0.014623627), classroom (0.0118927015)",34637
744,17856,indoor,"dressing_room (0.87782013), chemistry_lab (0.03347156), beauty_salon (0.027496533), hospital_room (0.009485056), classroom (0.007942235)",34637
745,17880,indoor,"dressing_room (0.92288524), chemistry_lab (0.012943964), beauty_salon (0.010844461), classroom (0.009278343), hospital_room (0.005747236)",34637
746,17904,indoor,"dressing_room (0.93823224), beauty_salon (0.016807698), chemistry_lab (0.013909217), classroom (0.0041580787), hospital_room (0.0040336475)",34637
747,17928,indoor,"dressing_room (0.8424628), chemistry_lab (0.058521237), beauty_salon (0.048520617), clean_room (0.008783992), biology_laboratory (0.008217989)",34637
748,17952,indoor,"dressing_room (0.8538273), beauty_salon (0.035362523), hospital_room (0.020667419), chemistry_lab (0.019086441), classroom (0.015617377)",34637
749,17976,indoor,"dressing_room (0.822887), beauty_salon (0.046783395), chemistry_lab (0.023222737), hospital_room (0.017536096), classroom (0.017531114)",34637
750,18000,indoor,"dressing_room (0.6248521), beauty_salon (0.06861143), chemistry_lab (0.044592224), classroom (0.041647654), hospital_room (0.037513264)",34637
751,18024,indoor,"dressing_room (0.7838139), beauty_salon (0.050445672), chemistry_lab (0.028395586), classroom (0.02774423), hospital_room (0.016229387)",34637
752,18048,indoor,"dressing_room (0.8300623), beauty_salon (0.05705802), chemistry_lab (0.03327746), classroom (0.014982371), biology_laboratory (0.012647985)",34637
753,18072,indoor,"dressing_room (0.93192196), beauty_salon (0.027925402), chemistry_lab (0.007930327), classroom (0.00465835), restaurant (0.003609952)",34637
754,18096,indoor,"dressing_room (0.68728703), chemistry_lab (0.0747127), restaurant (0.050880253), beauty_salon (0.046097342), biology_laboratory (0.021848394)",34637
755,18120,indoor,"dressing_room (0.39074203), restaurant (0.09424582), classroom (0.08876081), chemistry_lab (0.07453361), cafeteria (0.05040912)",34637
756,18144,indoor,"dressing_room (0.7548765), beauty_salon (0.051433075), chemistry_lab (0.050358195), clean_room (0.019601583), biology_laboratory (0.01732629)",34637
757,18168,indoor,"dressing_room (0.82341653), beauty_salon (0.07444182), chemistry_lab (0.028227268), clean_room (0.0100639835), restaurant (0.009719804)",34637
758,18192,indoor,"dressing_room (0.8380715), beauty_salon (0.051804543), chemistry_lab (0.023374109), restaurant (0.01598651), classroom (0.00958167)",34637
759,18216,indoor,"dressing_room (0.78753626), beauty_salon (0.066487014), chemistry_lab (0.032592077), classroom (0.019530896), restaurant (0.012223066)",34637
760,18240,indoor,"dressing_room (0.6528935), beauty_salon (0.12039871), chemistry_lab (0.04647157), restaurant (0.036552526), classroom (0.014967844)",34637
761,18264,indoor,"dressing_room (0.5742534), restaurant (0.07401963), beauty_salon (0.057269823), chemistry_lab (0.054938458), dining_room (0.040327724)",34637
762,18288,indoor,"dressing_room (0.61124367), restaurant (0.057401836), beauty_salon (0.05404193), dining_room (0.04822977), chemistry_lab (0.044746183)",34637
763,18312,indoor,"dressing_room (0.4854936), restaurant (0.09543284), chemistry_lab (0.077302374), beauty_salon (0.0636642), classroom (0.03202272)",34637
764,18336,indoor,"dressing_room (0.7556123), beauty_salon (0.05016999), chemistry_lab (0.038492277), restaurant (0.02967163), classroom (0.022696307)",34637
765,18360,indoor,"dressing_room (0.6558586), restaurant (0.048110817), beauty_salon (0.044706456), classroom (0.035280455), chemistry_lab (0.033566684)",34637
766,18384,indoor,"dressing_room (0.49458915), restaurant (0.06989684), chemistry_lab (0.06363755), hospital_room (0.04429954), clean_room (0.037454847)",34637
767,18408,indoor,"dressing_room (0.655041), chemistry_lab (0.04778515), restaurant (0.047004446), beauty_salon (0.044100154), hospital_room (0.041070085)",34637
768,18432,indoor,"dressing_room (0.2897881), classroom (0.15659156), chemistry_lab (0.10840721), hospital_room (0.06629075), biology_laboratory (0.062393405)",34637
769,18456,indoor,"dressing_room (0.793312), beauty_salon (0.031468872), restaurant (0.02354571), classroom (0.021657446), dining_room (0.018260267)",34637
770,18480,indoor,"dressing_room (0.5447126), hospital_room (0.06825314), dining_room (0.049189683), beauty_salon (0.04616609), classroom (0.043515857)",34637
771,18504,indoor,"dressing_room (0.72194403), beauty_salon (0.045382466), hospital_room (0.035123374), dining_room (0.024971843), restaurant (0.020603217)",34637
772,18528,indoor,"dressing_room (0.7172615), restaurant (0.052909616), beauty_salon (0.04242824), dining_room (0.026727535), classroom (0.02653426)",34637
773,18552,indoor,"dressing_room (0.7664338), restaurant (0.08096324), dining_room (0.035056997), beauty_salon (0.025080977), banquet_hall (0.017498543)",34637
774,18576,indoor,"dressing_room (0.736918), restaurant (0.077168524), dining_room (0.046547383), beauty_salon (0.027784798), cafeteria (0.013751523)",34637
775,18600,indoor,"dressing_room (0.8481456), beauty_salon (0.048233725), restaurant (0.017675944), dining_room (0.012333585), classroom (0.0077567007)",34637
776,18624,indoor,"dressing_room (0.9375476), beauty_salon (0.027063048), office (0.004225786), office_cubicles (0.003883991), classroom (0.002577666)",34637
777,18648,indoor,"dressing_room (0.9516486), beauty_salon (0.014142167), office (0.0051910994), office_cubicles (0.0036336477), classroom (0.0033912177)",34637
778,18672,indoor,"dressing_room (0.90284497), beauty_salon (0.04741671), chemistry_lab (0.009548611), restaurant (0.005403986), office (0.004143589)",34637
779,18696,indoor,"dressing_room (0.90333974), beauty_salon (0.020294271), restaurant (0.0128444955), chemistry_lab (0.0081327595), classroom (0.0076509574)",34637
780,18720,indoor,"dressing_room (0.5917054), nursery (0.12308846), classroom (0.06155153), kindergarden_classroom (0.05120707), playroom (0.025236093)",34637
781,18744,indoor,"dressing_room (0.30367196), clean_room (0.2255717), hospital_room (0.12873691), nursery (0.06346168), classroom (0.04991617)",34637
782,18768,indoor,"hospital_room (0.1914021), clean_room (0.11983762), nursery (0.11877979), home_office (0.11607752), office (0.088487774)",34637
783,18792,indoor,"chemistry_lab (0.4718816), clean_room (0.42036712), biology_laboratory (0.055124503), banquet_hall (0.015292856), physics_laboratory (0.010559949)",34637
784,18816,indoor,"clean_room (0.86570334), chemistry_lab (0.036005463), dressing_room (0.027525745), martial_arts_gym (0.012615527), banquet_hall (0.010920911)",34637
785,18840,indoor,"clean_room (0.9345325), chemistry_lab (0.037734244), banquet_hall (0.0069713457), discotheque (0.004445356), stage/indoor (0.003746272)",34637
786,18864,indoor,"clean_room (0.16946265), nursery (0.15681899), chemistry_lab (0.14499567), biology_laboratory (0.12840992), hospital_room (0.116417)",34637
787,18888,indoor,"ballroom (0.19428825), nursery (0.12852107), martial_arts_gym (0.12756531), dressing_room (0.11318703), classroom (0.083001845)",34637
788,18912,indoor,"dressing_room (0.58073217), nursery (0.14846942), clean_room (0.04255907), ballroom (0.039442778), martial_arts_gym (0.032406952)",34637
789,18936,indoor,"nursery (0.30504793), dressing_room (0.18833001), clean_room (0.12669891), hospital_room (0.085986696), banquet_hall (0.02961015)",34637
790,18960,indoor,"shower (0.41478744), chemistry_lab (0.18853416), discotheque (0.060912583), clean_room (0.06083018), bathroom (0.045737386)",34637
791,18984,indoor,"shower (0.16287099), basement (0.1527885), jail_cell (0.07019586), ice_shelf (0.032655817), hot_spring (0.028510423)",34637
792,19008,indoor,"chemistry_lab (0.12948592), bow_window/indoor (0.1294279), industrial_area (0.07712541), airport_terminal (0.06695773), skyscraper (0.05076119)",34637
793,19032,outdoor,"industrial_area (0.2694758), oilrig (0.20037079), chemistry_lab (0.057308946), boat_deck (0.056294717), tower (0.040681347)",34637
794,19056,outdoor,"industrial_area (0.7404424), tower (0.07498084), mosque/outdoor (0.05231801), oilrig (0.042725563), skyscraper (0.022742916)",34637
795,19080,outdoor,"industrial_area (0.7179987), oilrig (0.16681421), chemistry_lab (0.03379486), boat_deck (0.017958827), tower (0.011790825)",34637
796,19104,outdoor,"industrial_area (0.85914874), oilrig (0.046433534), chemistry_lab (0.035417873), tower (0.012900726), clean_room (0.0055814744)",34637
797,19128,outdoor,"industrial_area (0.89586484), tower (0.021838415), clean_room (0.016991401), oilrig (0.014758852), construction_site (0.014045132)",34637
798,19152,outdoor,"industrial_area (0.2559254), clean_room (0.20230098), construction_site (0.07993833), alley (0.059733827), harbor (0.05680745)",34637
799,19176,indoor,"server_room (0.56831956), clean_room (0.110717796), locker_room (0.06436131), construction_site (0.055373866), office_building (0.04372645)",34637
800,19200,outdoor,"office_building (0.2956726), construction_site (0.14722224), building_facade (0.11628547), hospital (0.07982403), server_room (0.079090446)",34637
801,19224,indoor,"clean_room (0.39369947), server_room (0.29786602), locker_room (0.101808496), office_building (0.047238864), archive (0.028691277)",34637
802,19248,indoor,"atrium/public (0.29679367), jail_cell (0.13042548), server_room (0.071544945), shopping_mall/indoor (0.05681221), office_building (0.056173757)",34637
803,19272,indoor,"server_room (0.14131893), bathroom (0.10171116), locker_room (0.08037191), office_building (0.07389056), shower (0.06943203)",34637
804,19296,indoor,"locker_room (0.59078044), server_room (0.043459315), closet (0.031721704), bathroom (0.031124488), clean_room (0.02679682)",34637
805,19320,indoor,"clean_room (0.84446424), chemistry_lab (0.06028012), hospital_room (0.017374007), wet_bar (0.0138947265), beauty_salon (0.008836305)",34637
806,19344,indoor,"jewelry_shop (0.35953188), clean_room (0.17828986), beauty_salon (0.14959331), reception (0.07185838), gift_shop (0.04121906)",34637
807,19368,indoor,"clean_room (0.38125062), jewelry_shop (0.24651428), beauty_salon (0.10555402), reception (0.09784083), chemistry_lab (0.02474476)",34637
808,19392,indoor,"clean_room (0.5441524), jewelry_shop (0.14009015), reception (0.082917586), beauty_salon (0.053068016), chemistry_lab (0.040024888)",34637
809,19416,indoor,"jewelry_shop (0.23532929), clean_room (0.21266496), beauty_salon (0.17808367), reception (0.14325263), ice_cream_parlor (0.04169104)",34637
810,19440,indoor,"clean_room (0.6582003), jewelry_shop (0.09866693), reception (0.07536684), chemistry_lab (0.03562866), beauty_salon (0.025841026)",34637
811,19464,indoor,"clean_room (0.7311987), chemistry_lab (0.06529078), hospital_room (0.038116403), jewelry_shop (0.033209592), reception (0.028083412)",34637
812,19488,indoor,"clean_room (0.47656214), jewelry_shop (0.20562112), reception (0.10626959), beauty_salon (0.047442425), chemistry_lab (0.04130688)",34637
813,19512,indoor,"clean_room (0.48199898), chemistry_lab (0.1262789), jewelry_shop (0.11355628), reception (0.06730393), beauty_salon (0.048427533)",34637
814,19536,indoor,"jewelry_shop (0.34675154), reception (0.20616616), ice_cream_parlor (0.12660255), beauty_salon (0.06829095), clean_room (0.06778905)",34637
815,19560,indoor,"clean_room (0.28276196), jewelry_shop (0.17353685), reception (0.14321904), chemistry_lab (0.10677071), beauty_salon (0.06527578)",34637
816,19584,indoor,"jewelry_shop (0.20979483), reception (0.18271238), clean_room (0.16828962), chemistry_lab (0.098532654), beauty_salon (0.0951612)",34637
817,19608,indoor,"jewelry_shop (0.32570162), reception (0.1823471), beauty_salon (0.14664948), clean_room (0.13516232), chemistry_lab (0.043381017)",34637
818,19632,indoor,"clean_room (0.28071982), jewelry_shop (0.15855406), chemistry_lab (0.15477441), reception (0.09821373), beauty_salon (0.08283087)",34637
819,19656,indoor,"jewelry_shop (0.45535836), beauty_salon (0.15199202), clean_room (0.15133117), reception (0.043418597), department_store (0.030644884)",34637
820,19680,indoor,"jewelry_shop (0.3498984), department_store (0.1825011), clothing_store (0.13334988), beauty_salon (0.10922723), clean_room (0.06311594)",34637
821,19704,indoor,"clean_room (0.41698262), jewelry_shop (0.2972635), beauty_salon (0.080343276), chemistry_lab (0.028906537), department_store (0.026107285)",34637
822,19728,indoor,"clean_room (0.47849327), jewelry_shop (0.17590667), beauty_salon (0.07687813), reception (0.03565971), gift_shop (0.03323245)",34637
823,19752,indoor,"clean_room (0.96390593), operating_room (0.0069738626), beauty_salon (0.005448608), dressing_room (0.0051588058), clothing_store (0.0047795726)",34637
824,19776,indoor,"clean_room (0.9772764), operating_room (0.010998539), hospital_room (0.0042961603), dressing_room (0.0027026485), chemistry_lab (0.0011540639)",34637
825,19800,indoor,"clean_room (0.99077517), operating_room (0.0034767503), dressing_room (0.0014418834), hospital_room (0.001023751), chemistry_lab (0.0008305054)",34637
826,19824,indoor,"clean_room (0.9645209), operating_room (0.011560328), dressing_room (0.009637081), hospital_room (0.004685057), clothing_store (0.0035736144)",34637
827,19848,indoor,"clean_room (0.9721353), operating_room (0.018900983), hospital_room (0.003445715), chemistry_lab (0.001713007), beauty_salon (0.0011820813)",34637
828,19872,indoor,"clean_room (0.97994703), operating_room (0.010001833), hospital_room (0.0052461936), chemistry_lab (0.0013516478), beauty_salon (0.00083507615)",34637
829,19896,indoor,"clean_room (0.78787696), operating_room (0.119600914), hospital_room (0.061498612), beauty_salon (0.011922869), chemistry_lab (0.0030171273)",34637
830,19920,indoor,"clean_room (0.94826967), operating_room (0.0084159905), chemistry_lab (0.006585985), jewelry_shop (0.0058366177), beauty_salon (0.005381474)",34637
831,19944,indoor,"clean_room (0.99215454), operating_room (0.0055938815), hospital_room (0.0006124176), chemistry_lab (0.0005018985), dressing_room (0.0002413582)",34637
832,19968,indoor,"clean_room (0.98489326), operating_room (0.0099390615), hospital_room (0.0018556262), chemistry_lab (0.001716015), biology_laboratory (0.0005708701)",34637
833,19992,indoor,"clean_room (0.9768237), operating_room (0.012838182), hospital_room (0.0038387193), dressing_room (0.0022044561), beauty_salon (0.0013736386)",34637
834,20016,indoor,"clean_room (0.99068224), operating_room (0.006095324), hospital_room (0.0012824641), dressing_room (0.00051418494), chemistry_lab (0.00050746754)",34637
835,20040,indoor,"clean_room (0.97210366), operating_room (0.022237226), hospital_room (0.002545787), chemistry_lab (0.0011902223), beauty_salon (0.0005409351)",34637
836,20064,indoor,"clean_room (0.99090827), operating_room (0.007725411), hospital_room (0.0006369047), chemistry_lab (0.00037223517), biology_laboratory (0.00011732274)",34637
837,20088,indoor,"clean_room (0.98855394), operating_room (0.009398716), hospital_room (0.0007951389), chemistry_lab (0.00057879766), biology_laboratory (0.00024029409)",34637
838,20112,indoor,"clean_room (0.9965252), operating_room (0.0027131394), chemistry_lab (0.00031729753), hospital_room (0.00021995752), biology_laboratory (0.00011491197)",34637
839,20136,indoor,"clean_room (0.99452245), operating_room (0.0028804927), chemistry_lab (0.0012429236), hospital_room (0.00042594338), biology_laboratory (0.00040324623)",34637
840,20160,indoor,"clean_room (0.9917749), operating_room (0.003682212), chemistry_lab (0.002294393), biology_laboratory (0.00071655144), hospital_room (0.0004987202)",34637
841,20184,indoor,"clean_room (0.97149134), operating_room (0.017393254), chemistry_lab (0.0041541266), hospital_room (0.0018031845), biology_laboratory (0.0016272513)",34637
842,20208,indoor,"clean_room (0.97742385), operating_room (0.018058697), hospital_room (0.0017266446), chemistry_lab (0.0010158924), biology_laboratory (0.00067527767)",34637
843,20232,indoor,"clean_room (0.99049276), operating_room (0.0061611454), hospital_room (0.0008807251), chemistry_lab (0.000771427), biology_laboratory (0.00049791636)",34637
844,20256,indoor,"clean_room (0.98300695), operating_room (0.013129033), hospital_room (0.0016939647), chemistry_lab (0.0007490095), biology_laboratory (0.00039004386)",34637
845,20280,indoor,"clean_room (0.96583986), operating_room (0.030495772), hospital_room (0.001305632), chemistry_lab (0.0005389709), veterinarians_office (0.0004319554)",34637
846,20304,indoor,"clean_room (0.44549572), dressing_room (0.3968648), art_gallery (0.062937796), beauty_salon (0.01668998), shower (0.012006413)",34637
847,20328,indoor,"clean_room (0.7995621), dressing_room (0.09545328), chemistry_lab (0.032804027), beauty_salon (0.013526036), office (0.012993071)",34637
848,20352,indoor,"clean_room (0.7510491), dressing_room (0.0813831), beauty_salon (0.036256157), office (0.020314055), hospital_room (0.016497517)",34637
849,20376,indoor,"clean_room (0.89542824), dressing_room (0.06406723), shower (0.010894954), hospital_room (0.0062049697), beauty_salon (0.0038835336)",34637
850,20400,indoor,"clean_room (0.8303014), dressing_room (0.06576664), shower (0.021930756), bathroom (0.015795074), beauty_salon (0.0121203605)",34637
851,20424,indoor,"clean_room (0.55774266), dressing_room (0.1676699), shower (0.097161666), bathroom (0.055814624), archive (0.025321828)",34637
852,20448,indoor,"clean_room (0.8416187), dressing_room (0.042919293), archive (0.027383655), chemistry_lab (0.014816607), office (0.014244155)",34637
853,20472,indoor,"clean_room (0.69249517), dressing_room (0.103470236), office (0.02657442), archive (0.026429676), shower (0.025419546)",34637
854,20496,indoor,"clean_room (0.7503252), dressing_room (0.06576445), shower (0.057539932), bathroom (0.021170685), beauty_salon (0.017714463)",34637
855,20520,indoor,"clean_room (0.6289144), shower (0.1103646), dressing_room (0.04557979), bow_window/indoor (0.044453166), bathroom (0.039845433)",34637
856,20544,indoor,"clean_room (0.9830346), operating_room (0.006974782), chemistry_lab (0.0067872186), biology_laboratory (0.00185375), physics_laboratory (0.0007052474)",34637
857,20568,indoor,"clean_room (0.9399628), chemistry_lab (0.038500965), biology_laboratory (0.011565743), operating_room (0.004313382), physics_laboratory (0.001983763)",34637
858,20592,indoor,"clean_room (0.9462525), chemistry_lab (0.030911565), operating_room (0.008648409), biology_laboratory (0.0077812774), physics_laboratory (0.0021560257)",34637
859,20616,indoor,"clean_room (0.8941797), chemistry_lab (0.07209855), biology_laboratory (0.014135966), operating_room (0.007654343), physics_laboratory (0.0032768063)",34637
860,20640,indoor,"clean_room (0.87105), chemistry_lab (0.08034953), biology_laboratory (0.0181829), beauty_salon (0.00851239), operating_room (0.006949008)",34637
861,20664,indoor,"clean_room (0.90350455), chemistry_lab (0.064134546), biology_laboratory (0.01608005), physics_laboratory (0.0063492353), operating_room (0.005358915)",34637
862,20688,indoor,"clean_room (0.91656756), chemistry_lab (0.054055862), biology_laboratory (0.015133523), operating_room (0.005397799), physics_laboratory (0.004398586)",34637
863,20712,indoor,"clean_room (0.9248743), chemistry_lab (0.045272615), biology_laboratory (0.011574299), operating_room (0.0092269555), physics_laboratory (0.004845077)",34637
864,20736,indoor,"clean_room (0.74267375), chemistry_lab (0.18249904), biology_laboratory (0.05083048), physics_laboratory (0.009167229), operating_room (0.0038099017)",34637
865,20760,indoor,"clean_room (0.87472415), chemistry_lab (0.07974239), biology_laboratory (0.023948144), physics_laboratory (0.008202412), operating_room (0.0049516736)",34637
866,20784,indoor,"clean_room (0.9074744), chemistry_lab (0.04814775), biology_laboratory (0.025333954), operating_room (0.008570059), physics_laboratory (0.0042650746)",34637
867,20808,indoor,"clean_room (0.9637275), chemistry_lab (0.026442282), biology_laboratory (0.006516361), physics_laboratory (0.001896769), operating_room (0.00094377366)",34637
868,20832,indoor,"clean_room (0.8112392), chemistry_lab (0.14049818), biology_laboratory (0.029144356), physics_laboratory (0.011271858), operating_room (0.003430449)",34637
869,20856,indoor,"clean_room (0.49426413), chemistry_lab (0.37278354), biology_laboratory (0.08905468), physics_laboratory (0.032131795), pharmacy (0.004187147)",34637
870,20880,indoor,"clean_room (0.96243924), chemistry_lab (0.026254587), biology_laboratory (0.004908561), operating_room (0.0031148389), physics_laboratory (0.0021336616)",34637
871,20904,indoor,"clean_room (0.9673446), chemistry_lab (0.023512965), biology_laboratory (0.004770201), operating_room (0.0020067245), physics_laboratory (0.0017164309)",34637
872,20928,indoor,"clean_room (0.96385306), chemistry_lab (0.02715163), biology_laboratory (0.004199601), operating_room (0.0027995256), physics_laboratory (0.0012057559)",34637
873,20952,indoor,"clean_room (0.8925013), chemistry_lab (0.074475646), biology_laboratory (0.01598854), operating_room (0.0062213344), physics_laboratory (0.003878052)",34637
874,20976,indoor,"clean_room (0.9594768), chemistry_lab (0.029631602), biology_laboratory (0.0050808205), physics_laboratory (0.0027952206), operating_room (0.0021234418)",34637
875,21000,indoor,"clean_room (0.9725009), chemistry_lab (0.01933759), biology_laboratory (0.003621926), physics_laboratory (0.0024388852), operating_room (0.0016914527)",34637
876,21024,indoor,"clean_room (0.94893163), chemistry_lab (0.038550224), biology_laboratory (0.0065633226), physics_laboratory (0.0028831551), operating_room (0.002120315)",34637
877,21048,indoor,"clean_room (0.9506609), chemistry_lab (0.035250567), biology_laboratory (0.0074876347), physics_laboratory (0.0028944504), operating_room (0.0027036348)",34637
878,21072,indoor,"clean_room (0.9460947), chemistry_lab (0.038586065), biology_laboratory (0.006386766), operating_room (0.0041441736), physics_laboratory (0.003419809)",34637
879,21096,indoor,"clean_room (0.86654043), chemistry_lab (0.10431037), biology_laboratory (0.017211828), physics_laboratory (0.006960657), operating_room (0.003283115)",34637
880,21120,indoor,"clean_room (0.87031233), dressing_room (0.07089053), chemistry_lab (0.023390932), biology_laboratory (0.007509239), office (0.005419338)",34637
881,21144,indoor,"clean_room (0.7882147), dressing_room (0.13028242), office (0.017409496), chemistry_lab (0.013444526), biology_laboratory (0.006642467)",34637
882,21168,indoor,"clean_room (0.8909368), chemistry_lab (0.026097035), biology_laboratory (0.01790871), office (0.011524488), physics_laboratory (0.008447569)",34637
883,21192,indoor,"clean_room (0.8087113), chemistry_lab (0.061193448), dressing_room (0.03145142), biology_laboratory (0.0287469), beauty_salon (0.018402224)",34637
884,21216,indoor,"clean_room (0.92961943), chemistry_lab (0.026319992), biology_laboratory (0.012542067), dressing_room (0.00593975), physics_laboratory (0.0053445953)",34637
885,21240,indoor,"clean_room (0.9070245), chemistry_lab (0.041995376), biology_laboratory (0.011108423), office (0.0071534743), dressing_room (0.0062056296)",34637
886,21264,indoor,"clean_room (0.8814436), chemistry_lab (0.044693228), dressing_room (0.03403598), biology_laboratory (0.0094926795), beauty_salon (0.0070290556)",34637
887,21288,indoor,"clean_room (0.8826335), chemistry_lab (0.04314037), dressing_room (0.017476676), biology_laboratory (0.011656974), beauty_salon (0.011474663)",34637
888,21312,indoor,"clean_room (0.9574681), chemistry_lab (0.017765623), biology_laboratory (0.005427502), physics_laboratory (0.005007694), dressing_room (0.003864122)",34637
889,21336,indoor,"clean_room (0.8693248), chemistry_lab (0.05613224), biology_laboratory (0.02152726), physics_laboratory (0.019038968), dressing_room (0.007353355)",34637
890,21360,indoor,"clean_room (0.93969685), chemistry_lab (0.021172315), shower (0.009687912), dressing_room (0.008554021), biology_laboratory (0.0034980709)",34637
891,21384,indoor,"clean_room (0.9223387), dressing_room (0.027999707), shower (0.018066747), chemistry_lab (0.009461113), bathroom (0.0035426635)",34637
892,21408,indoor,"clean_room (0.6024583), dressing_room (0.16430351), shower (0.09656042), bathroom (0.031699564), beauty_salon (0.019974886)",34637
893,21432,indoor,"clean_room (0.69466937), shower (0.104514845), dressing_room (0.08917243), bathroom (0.025661118), chemistry_lab (0.019030591)",34637
894,21456,indoor,"clean_room (0.44589972), dressing_room (0.20228186), shower (0.16941497), bathroom (0.06843254), beauty_salon (0.034607932)",34637
895,21480,indoor,"clean_room (0.99465275), operating_room (0.0038304839), chemistry_lab (0.00067301525), biology_laboratory (0.00041333537), physics_laboratory (0.00019274931)",34637
896,21504,indoor,"clean_room (0.99537164), operating_room (0.0034529243), chemistry_lab (0.00058611465), biology_laboratory (0.00025565608), hospital_room (0.00014879316)",34637
897,21528,indoor,"clean_room (0.99516255), operating_room (0.0030220854), chemistry_lab (0.0009642212), biology_laboratory (0.0003554208), physics_laboratory (0.00022800772)",34637
898,21552,indoor,"clean_room (0.9929755), operating_room (0.0039101536), chemistry_lab (0.0015738145), biology_laboratory (0.00064256584), physics_laboratory (0.0006303996)",34637
899,21576,indoor,"clean_room (0.9934447), operating_room (0.0033972466), chemistry_lab (0.0014669962), biology_laboratory (0.0007652437), physics_laboratory (0.0005193679)",34637
900,21600,indoor,"clean_room (0.99197793), chemistry_lab (0.0039975625), operating_room (0.0013678429), biology_laboratory (0.0013309044), physics_laboratory (0.0007159896)",34637
901,21624,indoor,"clean_room (0.944327), chemistry_lab (0.028484758), biology_laboratory (0.012871402), operating_room (0.0052838437), physics_laboratory (0.0044390247)",34637
902,21648,indoor,"clean_room (0.89330316), chemistry_lab (0.06072046), biology_laboratory (0.027848676), physics_laboratory (0.010347132), pharmacy (0.0018797542)",34637
903,21672,indoor,"clean_room (0.8956413), chemistry_lab (0.06513279), biology_laboratory (0.018753072), physics_laboratory (0.009014339), operating_room (0.005596741)",34637
904,21696,indoor,"clean_room (0.91845363), chemistry_lab (0.045722924), operating_room (0.01487694), biology_laboratory (0.011237481), physics_laboratory (0.0042010024)",34637
905,21720,indoor,"clean_room (0.93002653), chemistry_lab (0.03822903), operating_room (0.014697716), biology_laboratory (0.009113035), physics_laboratory (0.0022846858)",34637
906,21744,indoor,"clean_room (0.9244248), chemistry_lab (0.05028026), operating_room (0.008694683), biology_laboratory (0.008363374), physics_laboratory (0.0053374907)",34637
907,21768,indoor,"clean_room (0.9950872), chemistry_lab (0.0035431795), physics_laboratory (0.00047923095), operating_room (0.00039459998), biology_laboratory (0.00037708943)",34637
908,21792,indoor,"clean_room (0.99708337), chemistry_lab (0.0017208686), operating_room (0.000735686), biology_laboratory (0.00022156666), physics_laboratory (0.0001491783)",34637
909,21816,indoor,"clean_room (0.9941162), chemistry_lab (0.0033020277), operating_room (0.0016384647), biology_laboratory (0.0005071934), physics_laboratory (0.0003039623)",34637
910,21840,indoor,"clean_room (0.9888509), chemistry_lab (0.007593903), operating_room (0.001431478), biology_laboratory (0.0012041454), physics_laboratory (0.0005820518)",34637
911,21864,indoor,"clean_room (0.99642736), chemistry_lab (0.0017410902), operating_room (0.001267104), biology_laboratory (0.00028188154), physics_laboratory (0.00017225339)",34637
912,21888,indoor,"clean_room (0.99265504), chemistry_lab (0.0037343355), operating_room (0.001332316), physics_laboratory (0.0011564561), biology_laboratory (0.00080876437)",34637
913,21912,indoor,"clean_room (0.9697308), chemistry_lab (0.018294135), biology_laboratory (0.0039754924), operating_room (0.0027670367), physics_laboratory (0.0020969356)",34637
914,21936,indoor,"clean_room (0.97790706), chemistry_lab (0.011288707), operating_room (0.0039548376), biology_laboratory (0.002312067), physics_laboratory (0.0017629801)",34637
915,21960,indoor,"clean_room (0.9567103), chemistry_lab (0.029332284), biology_laboratory (0.0053079147), physics_laboratory (0.0039081676), operating_room (0.002764983)",34637
916,21984,indoor,"clean_room (0.9775894), chemistry_lab (0.0119558545), operating_room (0.0048058396), biology_laboratory (0.0026002666), physics_laboratory (0.0012669872)",34637
917,22008,indoor,"clean_room (0.9575292), chemistry_lab (0.023115493), operating_room (0.007430942), biology_laboratory (0.005459412), physics_laboratory (0.002817271)",34637
918,22032,indoor,"clean_room (0.94314593), chemistry_lab (0.030406993), biology_laboratory (0.010289188), operating_room (0.0078390315), physics_laboratory (0.004315871)",34637
919,22056,indoor,"clean_room (0.94715995), chemistry_lab (0.034640215), biology_laboratory (0.00994126), physics_laboratory (0.0050893375), operating_room (0.0017517888)",34637
920,22080,indoor,"clean_room (0.903352), chemistry_lab (0.06746403), biology_laboratory (0.010033516), operating_room (0.0075859623), physics_laboratory (0.0061089)",34637
921,22104,indoor,"clean_room (0.8688995), chemistry_lab (0.07060038), biology_laboratory (0.028954674), operating_room (0.015316487), physics_laboratory (0.005846776)",34637
922,22128,indoor,"clean_room (0.8993716), chemistry_lab (0.04495494), operating_room (0.021913238), biology_laboratory (0.018989593), beauty_salon (0.005570963)",34637
923,22152,indoor,"clean_room (0.9082045), chemistry_lab (0.04117782), operating_room (0.02114496), biology_laboratory (0.017832454), beauty_salon (0.004016615)",34637
924,22176,indoor,"clean_room (0.9329024), chemistry_lab (0.02559952), biology_laboratory (0.018154716), operating_room (0.014485125), beauty_salon (0.0024224785)",34637
925,22200,indoor,"clean_room (0.5699143), chemistry_lab (0.30053028), biology_laboratory (0.0850956), physics_laboratory (0.018471457), operating_room (0.008658825)",34637
926,22224,indoor,"clean_room (0.4722364), chemistry_lab (0.34003955), biology_laboratory (0.07726373), beauty_salon (0.03816579), pharmacy (0.022281343)",34637
927,22248,indoor,"chemistry_lab (0.53583276), clean_room (0.16440944), biology_laboratory (0.15818295), beauty_salon (0.038151763), pharmacy (0.037992228)",34637
928,22272,indoor,"clean_room (0.5067823), chemistry_lab (0.23906463), biology_laboratory (0.11646758), pharmacy (0.06308093), drugstore (0.024018494)",34637
929,22296,indoor,"clean_room (0.72404987), dressing_room (0.20477214), closet (0.011946925), elevator/door (0.01069965), corridor (0.006706432)",34637
930,22320,indoor,"bathroom (0.4622759), dressing_room (0.4167013), shower (0.07417053), clean_room (0.034676977), beauty_salon (0.007832204)",34637
931,22344,indoor,"dressing_room (0.32172304), bathroom (0.2857262), clean_room (0.23418778), shower (0.0873006), beauty_salon (0.052677147)",34637
932,22368,indoor,"clean_room (0.95858717), dressing_room (0.01996075), shower (0.007308246), operating_room (0.0044505126), bathroom (0.0030284687)",34637
933,22392,indoor,"clean_room (0.88416994), operating_room (0.07335644), dressing_room (0.018885022), hospital_room (0.0104995165), beauty_salon (0.006996093)",34637
934,22416,indoor,"clean_room (0.8597505), dressing_room (0.10461416), beauty_salon (0.010577248), bathroom (0.00960395), shower (0.0061255256)",34637
935,22440,indoor,"archive (0.62312376), clean_room (0.14232852), office (0.082819425), computer_room (0.037396837), home_office (0.03481227)",34637
936,22464,indoor,"archive (0.6898669), clean_room (0.12568347), office (0.060270987), jewelry_shop (0.027221218), computer_room (0.022614384)",34637
937,22488,indoor,"archive (0.7630075), clean_room (0.11458103), office (0.03735515), biology_laboratory (0.015840322), computer_room (0.014965741)",34637
938,22512,indoor,"archive (0.7073287), clean_room (0.10373679), office (0.0656526), computer_room (0.02978121), home_office (0.02088734)",34637
939,22536,indoor,"archive (0.8089077), clean_room (0.06500651), office (0.043674868), home_office (0.014685174), computer_room (0.014533215)",34637
940,22560,indoor,"archive (0.8054563), office (0.061670806), home_office (0.028477253), clean_room (0.026862089), computer_room (0.026775744)",34637
941,22584,indoor,"archive (0.9238031), clean_room (0.023073161), office (0.021360055), computer_room (0.010958239), home_office (0.006506172)",34637
942,22608,indoor,"archive (0.9358251), clean_room (0.025507135), office (0.0141130425), computer_room (0.004483702), biology_laboratory (0.0041239318)",34637
943,22632,indoor,"archive (0.42532274), clean_room (0.36008206), biology_laboratory (0.07497376), office (0.045420393), chemistry_lab (0.016311767)",34637
944,22656,indoor,"clean_room (0.60699546), biology_laboratory (0.104229644), reception (0.08120014), office (0.07786721), chemistry_lab (0.04074772)",34637
945,22680,indoor,"office (0.58341193), home_office (0.11521262), chemistry_lab (0.070245884), biology_laboratory (0.06134397), clean_room (0.023510516)",34637
946,22704,indoor,"clean_room (0.905856), bathroom (0.03767955), dressing_room (0.025494335), shower (0.020146439), beauty_salon (0.0034233804)",34637
947,22728,indoor,"clean_room (0.9380949), bathroom (0.020965898), dressing_room (0.018516392), shower (0.01297202), operating_room (0.0034524575)",34637
948,22752,indoor,"office (0.38295946), dressing_room (0.21702369), office_cubicles (0.06898646), clean_room (0.0582392), home_office (0.05149512)",34637
949,22776,indoor,"dressing_room (0.7718194), office (0.037576195), coffee_shop (0.032098044), office_cubicles (0.023290152), classroom (0.021064468)",34637
950,22800,indoor,"dressing_room (0.5513878), classroom (0.11004317), office (0.04438343), bathroom (0.038987413), office_cubicles (0.03884412)",34637
951,22824,indoor,"clean_room (0.97636366), dressing_room (0.009938647), bathroom (0.004115545), operating_room (0.0033029274), shower (0.0028056137)",34637
952,22848,indoor,"clean_room (0.9321712), dressing_room (0.044834513), bathroom (0.0072904713), shower (0.004457154), operating_room (0.0033652994)",34637
953,22872,indoor,"clean_room (0.9489206), dressing_room (0.019126777), bathroom (0.013060841), shower (0.009681754), operating_room (0.0031248776)",34637
954,22896,indoor,"clean_room (0.9036626), dressing_room (0.040225398), bathroom (0.02802989), shower (0.017325262), operating_room (0.0035634446)",34637
955,22920,indoor,"clean_room (0.9475759), dressing_room (0.027622236), bathroom (0.010027846), shower (0.007390553), operating_room (0.0028150103)",34637
956,22944,indoor,"clean_room (0.9533301), dressing_room (0.026963005), bathroom (0.0073080827), shower (0.00605781), operating_room (0.002100038)",34637
957,22968,indoor,"clean_room (0.97760856), dressing_room (0.010871452), shower (0.0031142805), operating_room (0.002881475), bathroom (0.0022939343)",34637
958,22992,indoor,"clean_room (0.9481744), dressing_room (0.0321647), bathroom (0.0064922473), shower (0.0052619115), beauty_salon (0.0021947024)",34637
959,23016,indoor,"clean_room (0.95700115), dressing_room (0.022281244), bathroom (0.0082095545), shower (0.005369447), beauty_salon (0.0022714408)",34637
960,23040,indoor,"clean_room (0.9412725), dressing_room (0.031666223), bathroom (0.009534102), shower (0.007889167), beauty_salon (0.0033449815)",34637
961,23064,indoor,"clean_room (0.9055506), dressing_room (0.057862427), bathroom (0.014578853), shower (0.008391451), beauty_salon (0.00523526)",34637
962,23088,indoor,"clean_room (0.9578362), dressing_room (0.018997794), bathroom (0.0064615663), operating_room (0.004457322), shower (0.0040243133)",34637
963,23112,indoor,"clean_room (0.9345056), dressing_room (0.034763433), bathroom (0.01309665), shower (0.009038425), operating_room (0.0030063346)",34637
964,23136,indoor,"clean_room (0.9412958), dressing_room (0.024821298), bathroom (0.012671859), shower (0.008884625), operating_room (0.004829003)",34637
965,23160,indoor,"clean_room (0.9588654), dressing_room (0.022121254), bathroom (0.007265149), shower (0.005167124), operating_room (0.003025372)",34637
966,23184,indoor,"clean_room (0.9607674), dressing_room (0.01714137), shower (0.008063567), bathroom (0.005667841), operating_room (0.0037108164)",34637
967,23208,indoor,"dressing_room (0.7090115), bathroom (0.03951796), office (0.0313933), classroom (0.030331505), office_cubicles (0.028677857)",34637
968,23232,indoor,"dressing_room (0.27868772), classroom (0.17236109), office (0.08752437), office_cubicles (0.058706585), clean_room (0.049518947)",34637
969,23256,indoor,"dressing_room (0.5490851), classroom (0.057156418), bathroom (0.048711162), office (0.047061253), office_cubicles (0.03938589)",34637
970,23280,indoor,"dressing_room (0.48114875), classroom (0.10835902), office (0.06828319), clean_room (0.03983957), office_cubicles (0.038564265)",34637
971,23304,indoor,"dressing_room (0.5067435), classroom (0.09881504), office (0.064338446), office_cubicles (0.050196894), bathroom (0.036483094)",34637
972,23328,indoor,"dressing_room (0.4717258), bathroom (0.08125889), classroom (0.07452256), office (0.050534587), clean_room (0.039688855)",34637
973,23352,indoor,"dressing_room (0.33599395), classroom (0.12661639), bathroom (0.06953207), office (0.06135493), office_cubicles (0.059298873)",34637
974,23376,indoor,"classroom (0.23938856), dressing_room (0.16096069), coffee_shop (0.09054255), office_cubicles (0.09036149), office (0.08879748)",34637
975,23400,indoor,"classroom (0.32286444), dressing_room (0.16279157), office_cubicles (0.099324174), office (0.08518607), coffee_shop (0.044862047)",34637
976,23424,indoor,"dressing_room (0.31887865), classroom (0.20791802), coffee_shop (0.09027117), office (0.058316533), bathroom (0.05830925)",34637
977,23448,indoor,"dressing_room (0.2772554), classroom (0.2636728), coffee_shop (0.06708262), office (0.055289175), office_cubicles (0.041871756)",34637
978,23472,indoor,"classroom (0.29001075), dressing_room (0.22492127), office (0.07923064), office_cubicles (0.07426077), bathroom (0.03436366)",34637
979,23496,indoor,"classroom (0.28751934), dressing_room (0.24179366), office (0.071774684), office_cubicles (0.06726519), coffee_shop (0.042105805)",34637
980,23520,indoor,"dressing_room (0.30731353), classroom (0.19378138), office (0.07181916), office_cubicles (0.071304776), bathroom (0.050042216)",34637
981,23544,indoor,"dressing_room (0.4900403), classroom (0.14419487), office_cubicles (0.048403356), office (0.047272123), coffee_shop (0.03358265)",34637
982,23568,indoor,"office (0.32781217), office_cubicles (0.24173428), classroom (0.14358373), computer_room (0.046148032), chemistry_lab (0.028650438)",34637
983,23592,indoor,"classroom (0.2895142), office (0.24674211), office_cubicles (0.1271318), archive (0.094338134), dressing_room (0.034924228)",34637
984,23616,indoor,"classroom (0.21568309), dressing_room (0.21140108), bathroom (0.10345539), chemistry_lab (0.06680034), coffee_shop (0.05654002)",34637
985,23640,indoor,"dressing_room (0.56769276), bathroom (0.07033356), beauty_salon (0.06610618), reception (0.05182151), clean_room (0.036117952)",34637
986,23664,outdoor,"ice_shelf (0.4856239), archive (0.09739311), kennel/outdoor (0.080497004), hospital (0.05843564), barndoor (0.057207953)",34637
987,23688,outdoor,"ice_shelf (0.4442075), kennel/outdoor (0.12512982), hospital (0.08393818), archive (0.082745194), cemetery (0.07226848)",34637
988,23712,outdoor,"ice_shelf (0.41635337), barndoor (0.19346559), archive (0.12305141), kennel/outdoor (0.050933298), locker_room (0.044618063)",34637
989,23736,outdoor,"ice_shelf (0.377072), kennel/outdoor (0.12629138), archive (0.101064034), cemetery (0.09602301), hospital (0.06477935)",34637
990,23760,indoor,"archive (0.8773373), classroom (0.0346526), clean_room (0.03059916), locker_room (0.02409439), shower (0.006811902)",34637
991,23784,indoor,"archive (0.23248035), bow_window/indoor (0.16534767), library/indoor (0.15806559), clean_room (0.15641966), waiting_room (0.07967754)",34637
992,23808,indoor,"living_room (0.38972104), waiting_room (0.31777996), clean_room (0.118366815), bow_window/indoor (0.08018614), office (0.014434957)",34637
993,23832,indoor,"living_room (0.2711876), nursery (0.16179396), clean_room (0.123904295), home_office (0.086535946), bow_window/indoor (0.07881426)",34637
994,23856,indoor,"clean_room (0.9385694), operating_room (0.014942046), dressing_room (0.011912031), hospital_room (0.011171422), beauty_salon (0.0058772494)",34637
995,23880,indoor,"living_room (0.35076138), clean_room (0.21656615), hospital_room (0.093686834), bow_window/indoor (0.06617012), office (0.05747945)",34637
996,23904,indoor,"clean_room (0.41307226), living_room (0.1824991), hospital_room (0.09626101), office (0.057095997), home_office (0.055103198)",34637
997,23928,indoor,"clean_room (0.5940295), living_room (0.1481184), dressing_room (0.08457573), bow_window/indoor (0.042468745), operating_room (0.023030302)",34637
998,23952,indoor,"clean_room (0.54041845), dressing_room (0.20166056), office (0.04324265), dining_room (0.037398808), home_office (0.028921837)",34637
999,23976,indoor,"living_room (0.45962185), bow_window/indoor (0.27259392), clean_room (0.04127069), dining_room (0.03949009), waiting_room (0.0350612)",34637
1000,24000,indoor,"bow_window/indoor (0.2895852), living_room (0.25114793), waiting_room (0.1446632), clean_room (0.13080616), archive (0.04548402)",34637
1001,24024,indoor,"bow_window/indoor (0.28968954), living_room (0.2651239), waiting_room (0.089473896), office (0.047995396), archive (0.045634598)",34637
1002,24048,indoor,"living_room (0.30888963), archive (0.25089785), bow_window/indoor (0.12131921), office (0.12011776), home_office (0.044860248)",34637
1003,24072,indoor,"archive (0.8479097), office (0.05223419), clean_room (0.020305969), library/indoor (0.017034415), home_office (0.012152881)",34637
1004,24096,indoor,"archive (0.56134546), clean_room (0.339804), nursery (0.037865043), museum/indoor (0.013250734), bow_window/indoor (0.008943128)",34637
1005,24120,indoor,"clean_room (0.42103958), waiting_room (0.19370413), archive (0.15397778), bow_window/indoor (0.06576972), living_room (0.051074143)",34637
1006,24144,indoor,"clean_room (0.9722836), archive (0.005299014), operating_room (0.0038898445), living_room (0.0035879312), dressing_room (0.0021674044)",34637
1007,24168,indoor,"clean_room (0.28119096), bow_window/indoor (0.10597568), living_room (0.08909327), dressing_room (0.08540418), nursery (0.06290017)",34637
1008,24192,indoor,"clean_room (0.24561776), dining_room (0.16232191), dressing_room (0.15717062), hospital_room (0.12633291), operating_room (0.050157625)",34637
1009,24216,indoor,"living_room (0.2906782), clean_room (0.28853607), hospital_room (0.069394164), bow_window/indoor (0.06394323), home_office (0.04133733)",34637
1010,24240,indoor,"clean_room (0.7860636), hospital_room (0.057972215), archive (0.033284515), operating_room (0.032640018), dressing_room (0.032199785)",34637
1011,24264,indoor,"clean_room (0.69893026), hospital_room (0.0888757), dressing_room (0.069472864), operating_room (0.04557654), beauty_salon (0.042302184)",34637
1012,24288,indoor,"clean_room (0.38808513), living_room (0.3341463), bow_window/indoor (0.054486327), office (0.0490772), home_office (0.037032206)",34637
1013,24312,indoor,"living_room (0.7224472), bow_window/indoor (0.10108251), home_office (0.044136606), clean_room (0.027362369), office (0.017928688)",34637
1014,24336,indoor,"dining_room (0.23908783), living_room (0.1949873), bow_window/indoor (0.17399915), dressing_room (0.10261772), home_office (0.09998585)",34637
1015,24360,indoor,"dressing_room (0.42581102), dining_room (0.3303001), nursery (0.046431493), clean_room (0.03594667), living_room (0.033887263)",34637
1016,24384,indoor,"dining_room (0.33440024), dressing_room (0.23178144), clean_room (0.14970915), living_room (0.06321149), office (0.052479837)",34637
1017,24408,indoor,"dressing_room (0.44615418), clean_room (0.26704472), operating_room (0.057838343), dining_room (0.051454168), hospital_room (0.030033164)",34637
1018,24432,indoor,"clean_room (0.47001827), dressing_room (0.3270051), operating_room (0.07754759), hospital_room (0.03000763), nursery (0.015478131)",34637
1019,24456,indoor,"clean_room (0.45547426), dressing_room (0.35953817), operating_room (0.044187), hospital_room (0.029117804), nursing_home (0.020449143)",34637
1020,24480,indoor,"dressing_room (0.4633684), clean_room (0.23242056), operating_room (0.071454525), hospital_room (0.03614615), beauty_salon (0.03191621)",34637
1021,24504,indoor,"dressing_room (0.5430302), clean_room (0.22391945), nursing_home (0.064296775), operating_room (0.0399417), hospital_room (0.031187005)",34637
1022,24528,indoor,"clean_room (0.44424275), dressing_room (0.36401194), operating_room (0.039496228), nursery (0.037718486), nursing_home (0.03557579)",34637
1023,24552,indoor,"clean_room (0.35845608), dressing_room (0.31907994), nursing_home (0.08195972), operating_room (0.053557996), hospital_room (0.048358448)",34637
1024,24576,indoor,"clean_room (0.4443488), dressing_room (0.20201863), operating_room (0.143018), nursing_home (0.07883598), hospital_room (0.05904829)",34637
1025,24600,indoor,"dressing_room (0.42080453), clean_room (0.2947154), operating_room (0.06842415), nursing_home (0.06573406), hospital_room (0.042803105)",34637
1026,24624,indoor,"clean_room (0.65460193), dressing_room (0.20397498), operating_room (0.063196875), nursing_home (0.033453934), hospital_room (0.02569049)",34637
1027,24648,indoor,"clean_room (0.57953477), dressing_room (0.2660624), operating_room (0.06728009), hospital_room (0.026256585), nursing_home (0.019842451)",34637
1028,24672,indoor,"dressing_room (0.45825726), clean_room (0.24040991), nursery (0.099431224), dining_room (0.043753386), hospital_room (0.02859768)",34637
1029,24696,indoor,"clean_room (0.5937086), nursery (0.24118473), dressing_room (0.106018655), operating_room (0.018505462), hospital_room (0.011548327)",34637
1030,24720,indoor,"clean_room (0.42715043), dressing_room (0.3282371), nursery (0.18228959), hospital_room (0.011422452), operating_room (0.0104431175)",34637
1031,24744,indoor,"clean_room (0.7271253), dressing_room (0.15657787), nursery (0.024448907), bow_window/indoor (0.022967624), locker_room (0.018207494)",34637
1032,24768,indoor,"clean_room (0.782389), dressing_room (0.09651466), nursery (0.030716393), operating_room (0.016275825), archive (0.016249305)",34637
1033,24792,indoor,"clean_room (0.83309597), dressing_room (0.09166367), nursery (0.02128704), locker_room (0.009095809), archive (0.009020834)",34637
1034,24816,indoor,"clean_room (0.7031125), dressing_room (0.22107205), shower (0.010594198), hospital_room (0.008929976), bow_window/indoor (0.00843175)",34637
1035,24840,indoor,"clean_room (0.8934994), dressing_room (0.040824972), archive (0.018044088), operating_room (0.016078785), nursery (0.0119286645)",34637
1036,24864,indoor,"clean_room (0.8296442), dressing_room (0.101763956), nursery (0.015101834), hospital_room (0.01389851), operating_room (0.011139079)",34637
1037,24888,indoor,"clean_room (0.78311807), dressing_room (0.14101511), operating_room (0.02035184), nursery (0.019342804), hospital_room (0.013891144)",34637
1038,24912,indoor,"clean_room (0.8809537), dressing_room (0.066939995), operating_room (0.015723655), hospital_room (0.012011904), nursery (0.0057771048)",34637
1039,24936,indoor,"clean_room (0.5792945), nursery (0.17981735), dressing_room (0.1787114), hospital_room (0.021665871), operating_room (0.014012103)",34637
1040,24960,indoor,"clean_room (0.51829064), nursery (0.33099627), dressing_room (0.08717767), hospital_room (0.022974553), operating_room (0.015282446)",34637
1041,24984,indoor,"nursery (0.5057428), clean_room (0.28075904), dressing_room (0.14377877), bow_window/indoor (0.022419257), hospital_room (0.0140258)",34637
1042,25008,indoor,"museum/indoor (0.8563217), art_gallery (0.07744124), clean_room (0.0569849), dressing_room (0.0025847417), science_museum (0.0021939494)",34637
1043,25032,indoor,"museum/indoor (0.8636706), art_gallery (0.07412514), clean_room (0.05239743), dressing_room (0.0030620962), art_studio (0.0017116575)",34637
1044,25056,indoor,"clean_room (0.5465433), museum/indoor (0.25311065), art_gallery (0.100079075), shower (0.023413092), dressing_room (0.021521132)",34637
1045,25080,indoor,"museum/indoor (0.67708683), art_gallery (0.18216853), clean_room (0.08817937), dressing_room (0.020506786), art_studio (0.013666864)",34637
1046,25104,indoor,"dressing_room (0.31066048), archive (0.103181995), locker_room (0.06389436), art_gallery (0.0618199), discotheque (0.055484913)",34637
1047,25128,indoor,"dressing_room (0.44835508), discotheque (0.09853094), archive (0.0548139), office (0.04662935), locker_room (0.03970178)",34637
1048,25152,indoor,"dressing_room (0.41682848), discotheque (0.07664503), locker_room (0.06609433), archive (0.053604048), office (0.052137088)",34637
1049,25176,indoor,"museum/indoor (0.91567516), art_gallery (0.0550444), clean_room (0.026065435), science_museum (0.0011973805), art_studio (0.0005484156)",34637
1050,25200,indoor,"museum/indoor (0.7373333), clean_room (0.13250847), art_gallery (0.113297164), art_studio (0.0064758533), archive (0.0030836097)",34637
1051,25224,indoor,"museum/indoor (0.60971564), clean_room (0.270745), art_gallery (0.095393576), art_studio (0.009296485), archive (0.0050824177)",34637
1052,25248,indoor,"museum/indoor (0.4779655), clean_room (0.33333144), art_gallery (0.15102273), art_studio (0.011904817), archive (0.0069903294)",34637
1053,25272,indoor,"museum/indoor (0.64810455), clean_room (0.162394), art_gallery (0.15628543), art_studio (0.011002237), archive (0.008553455)",34637
1054,25296,indoor,"museum/indoor (0.54359084), clean_room (0.2699079), art_gallery (0.14873438), art_studio (0.010262084), archive (0.009521137)",34637
1055,25320,indoor,"museum/indoor (0.68139833), clean_room (0.1757569), art_gallery (0.11922751), art_studio (0.008085387), archive (0.006054041)",34637
1056,25344,indoor,"museum/indoor (0.75459534), art_gallery (0.115256056), clean_room (0.10973555), art_studio (0.007814752), archive (0.003307343)",34637
1057,25368,indoor,"museum/indoor (0.44782385), clean_room (0.35036743), art_gallery (0.15577915), art_studio (0.011900903), archive (0.009095703)",34637
1058,25392,indoor,"clean_room (0.3498468), museum/indoor (0.31209338), art_gallery (0.25132477), art_studio (0.024731519), dressing_room (0.018500753)",34637
1059,25416,indoor,"clean_room (0.38056678), museum/indoor (0.3336542), art_gallery (0.17888081), art_studio (0.023314917), dressing_room (0.019249497)",34637
1060,25440,indoor,"clean_room (0.4441203), museum/indoor (0.39066377), art_gallery (0.10283607), science_museum (0.017323542), art_studio (0.0095074205)",34637
1061,25464,indoor,"office (0.3121812), archive (0.14354768), office_cubicles (0.10422681), dressing_room (0.05800664), classroom (0.05650244)",34637
1062,25488,indoor,"archive (0.5240189), office (0.22952676), office_cubicles (0.053504594), classroom (0.025777448), lecture_room (0.0127313575)",34637
1063,25512,indoor,"archive (0.45490423), office (0.16317873), office_cubicles (0.06447835), clean_room (0.047082543), classroom (0.033666767)",34637
1064,25536,indoor,"office (0.3352598), archive (0.15534364), office_cubicles (0.120861344), dressing_room (0.041130926), classroom (0.040182)",34637
1065,25560,indoor,"dressing_room (0.46588975), stage/indoor (0.22607148), museum/indoor (0.07010498), music_studio (0.052398104), art_gallery (0.051014427)",34637
1066,25584,indoor,"stage/indoor (0.24762048), museum/indoor (0.20425679), dressing_room (0.19116715), discotheque (0.06970017), shower (0.06684793)",34637
1067,25608,indoor,"museum/indoor (0.8380257), clean_room (0.11968013), art_gallery (0.033576284), shower (0.001814213), archive (0.0013346649)",34637
1068,25632,indoor,"dressing_room (0.30060846), art_gallery (0.10951005), archive (0.07220198), locker_room (0.063526474), discotheque (0.061981898)",34637
1069,25656,indoor,"dressing_room (0.39840057), art_gallery (0.08093482), locker_room (0.062247034), discotheque (0.060251918), clean_room (0.04981463)",34637
1070,25680,indoor,"art_gallery (0.24757732), museum/indoor (0.16071354), dressing_room (0.12641661), clean_room (0.11582653), archive (0.11003289)",34637
1071,25704,indoor,"dressing_room (0.3136433), art_gallery (0.10688104), archive (0.09281416), museum/indoor (0.06864972), locker_room (0.058552176)",34637
1072,25728,indoor,"dressing_room (0.17120385), art_gallery (0.14901184), archive (0.12920545), office (0.08194319), museum/indoor (0.075556)",34637
1073,25752,indoor,"dressing_room (0.18708242), art_gallery (0.131121), archive (0.080173224), clean_room (0.06518391), discotheque (0.06090556)",34637
1074,25776,indoor,"dressing_room (0.17991413), art_gallery (0.12209805), archive (0.09250285), office (0.06981336), clean_room (0.06925157)",34637
1075,25800,indoor,"clean_room (0.38988727), dressing_room (0.30019453), shower (0.04355835), living_room (0.032445878), operating_room (0.029917035)",34637
1076,25824,indoor,"clean_room (0.3702336), dressing_room (0.25644818), office (0.040039796), shower (0.039037295), music_studio (0.037699018)",34637
1077,25848,indoor,"dressing_room (0.31421697), clean_room (0.2708017), office (0.053220272), living_room (0.05298499), bow_window/indoor (0.043413106)",34637
1078,25872,indoor,"dressing_room (0.34426367), clean_room (0.30584946), shower (0.07383411), sauna (0.049690858), operating_room (0.043564536)",34637
1079,25896,indoor,"dressing_room (0.35225898), clean_room (0.235996), bow_window/indoor (0.06082187), living_room (0.056441903), hospital_room (0.032002673)",34637
1080,25920,indoor,"clean_room (0.39599493), dressing_room (0.28177595), hospital_room (0.051708717), operating_room (0.049811836), living_room (0.030020034)",34637
1081,25944,indoor,"clean_room (0.39001966), dressing_room (0.2394816), operating_room (0.050089132), hospital_room (0.046235148), bow_window/indoor (0.04330234)",34637
1082,25968,indoor,"clean_room (0.32608894), dressing_room (0.25662228), office (0.058865163), living_room (0.057029862), bow_window/indoor (0.047784295)",34637
1083,25992,indoor,"clean_room (0.77653086), operating_room (0.106666885), dressing_room (0.062988944), hospital_room (0.014791791), museum/indoor (0.0071677095)",34637
1084,26016,indoor,"clean_room (0.8362109), dressing_room (0.10987326), operating_room (0.016086858), archive (0.0087577), hospital_room (0.004245485)",34637
1085,26040,indoor,"clean_room (0.9534271), dressing_room (0.017711153), operating_room (0.010950951), office (0.0038813958), hospital_room (0.0034219078)",34637
1086,26064,indoor,"clean_room (0.9163591), operating_room (0.025789073), dressing_room (0.022441903), hospital_room (0.0089302035), nursing_home (0.00815001)",34637
1087,26088,indoor,"clean_room (0.92651206), dressing_room (0.029302048), operating_room (0.010865285), nursing_home (0.0045723077), office (0.0036450976)",34637
1088,26112,indoor,"clean_room (0.947434), operating_room (0.014445223), dressing_room (0.012105413), nursing_home (0.004109216), hospital_room (0.0028556937)",34637
1089,26136,indoor,"clean_room (0.8902033), dressing_room (0.032694686), operating_room (0.018188795), archive (0.009834837), office (0.005930987)",34637
1090,26160,indoor,"clean_room (0.83437186), dressing_room (0.059431527), archive (0.021021964), operating_room (0.012942182), nursing_home (0.0093092)",34637
1091,26184,indoor,"clean_room (0.8688881), dressing_room (0.04719449), operating_room (0.023461029), nursery (0.0067003528), hospital_room (0.0061891233)",34637
1092,26208,indoor,"clean_room (0.90614396), operating_room (0.036162067), dressing_room (0.016820146), hospital_room (0.008066439), nursing_home (0.0046769413)",34637
1093,26232,indoor,"clean_room (0.8916925), operating_room (0.033284716), dressing_room (0.024741141), hospital_room (0.0087752985), nursing_home (0.005824202)",34637
1094,26256,indoor,"clean_room (0.72205716), dressing_room (0.04695042), operating_room (0.04095736), bow_window/indoor (0.036821697), hospital_room (0.02034752)",34637
1095,26280,indoor,"clean_room (0.77929723), dressing_room (0.07531489), bow_window/indoor (0.022769265), operating_room (0.014243479), sauna (0.012415306)",34637
1096,26304,indoor,"clean_room (0.6739188), dressing_room (0.11195554), bow_window/indoor (0.030463148), archive (0.023033176), office (0.01695502)",34637
1097,26328,indoor,"clean_room (0.68231195), dressing_room (0.1413688), office (0.019363604), operating_room (0.018477), archive (0.0128426)",34637
1098,26352,indoor,"clean_room (0.8507031), dressing_room (0.045080278), operating_room (0.020306023), bow_window/indoor (0.009456732), hospital_room (0.007444296)",34637
1099,26376,indoor,"clean_room (0.61364675), dressing_room (0.08807264), operating_room (0.047577467), nursing_home (0.04180596), bow_window/indoor (0.029314168)",34637
1100,26400,indoor,"clean_room (0.81793237), dressing_room (0.044051547), operating_room (0.025268247), bow_window/indoor (0.018880464), nursing_home (0.013189477)",34637
1101,26424,indoor,"clean_room (0.7408028), dressing_room (0.05712447), operating_room (0.025999727), bow_window/indoor (0.024868118), nursing_home (0.020210812)",34637
1102,26448,indoor,"clean_room (0.5870893), dressing_room (0.16198874), operating_room (0.03652424), bow_window/indoor (0.026775736), beauty_salon (0.021490421)",34637
1103,26472,indoor,"clean_room (0.87072617), dressing_room (0.03863785), bow_window/indoor (0.016843447), living_room (0.012490525), operating_room (0.011312016)",34637
1104,26496,indoor,"clean_room (0.80803967), dressing_room (0.09722973), locker_room (0.031175988), archive (0.017145706), nursery (0.01704978)",34637
1105,26520,indoor,"waiting_room (0.33106834), clean_room (0.32877025), bow_window/indoor (0.12341964), living_room (0.052203827), office (0.019526241)",34637
1106,26544,indoor,"office (0.35105684), clean_room (0.11903761), home_office (0.10249321), archive (0.0960669), office_cubicles (0.047780734)",34637
1107,26568,indoor,"dining_room (0.26011378), living_room (0.16692333), office (0.13803726), bow_window/indoor (0.06851421), conference_room (0.05291663)",34637
1108,26592,indoor,"clean_room (0.22074947), conference_room (0.21074952), office (0.1608307), dining_room (0.092998445), computer_room (0.046310056)",34637
1109,26616,indoor,"office (0.4077854), office_cubicles (0.25988063), computer_room (0.093679786), conference_room (0.06067614), home_office (0.05197067)",34637
1110,26640,indoor,"clean_room (0.25007063), office (0.17929614), computer_room (0.16364862), office_cubicles (0.14687958), archive (0.048601396)",34637
1111,26664,indoor,"library/indoor (0.20037684), office (0.16910665), archive (0.13277347), computer_room (0.12153597), office_cubicles (0.11679777)",34637
1112,26688,indoor,"office_cubicles (0.34218973), office (0.31007332), library/indoor (0.12778966), computer_room (0.09638769), archive (0.05453638)",34637
1113,26712,indoor,"office (0.5439318), office_cubicles (0.17911804), computer_room (0.10601144), library/indoor (0.045107353), conference_room (0.04342365)",34637
1114,26736,indoor,"office (0.374898), conference_room (0.15595616), office_cubicles (0.11653016), computer_room (0.10273234), dining_room (0.059241153)",34637
1115,26760,indoor,"office (0.32467678), conference_room (0.14612433), office_cubicles (0.13498306), computer_room (0.09427149), restaurant (0.080299936)",34637
1116,26784,indoor,"office (0.34269422), office_cubicles (0.16475502), conference_room (0.110119954), computer_room (0.08451262), library/indoor (0.07660431)",34637
1117,26808,indoor,"office (0.5111378), computer_room (0.15380737), office_cubicles (0.14680742), conference_room (0.049328715), home_office (0.030737983)",34637
1118,26832,indoor,"discotheque (0.7390172), stage/indoor (0.20133726), museum/indoor (0.02505199), music_studio (0.015752308), art_gallery (0.0041547245)",34637
1119,26856,indoor,"museum/indoor (0.36956096), discotheque (0.3433814), shower (0.12038874), stage/indoor (0.07692955), art_gallery (0.024446169)",34637
1120,26880,indoor,"discotheque (0.6458939), stage/indoor (0.2301732), museum/indoor (0.031319812), music_studio (0.026432518), shower (0.0136091495)",34637
1121,26904,indoor,"discotheque (0.648974), stage/indoor (0.21081883), music_studio (0.029571515), shower (0.025473623), museum/indoor (0.018673247)",34637
1122,26928,indoor,"discotheque (0.7791825), stage/indoor (0.08134481), shower (0.039753105), music_studio (0.03121394), museum/indoor (0.022763567)",34637
1123,26952,indoor,"discotheque (0.67697245), shower (0.13387401), stage/indoor (0.060692243), basement (0.014858755), art_gallery (0.014294691)",34637
1124,26976,indoor,"discotheque (0.7208763), shower (0.19970493), stage/indoor (0.03698827), dressing_room (0.006230595), music_studio (0.005897361)",34637
1125,27000,indoor,"discotheque (0.6946022), dressing_room (0.114905566), shower (0.07890862), stage/indoor (0.06895132), museum/indoor (0.00938865)",34637
1126,27024,indoor,"discotheque (0.71219003), shower (0.18702047), stage/indoor (0.051169522), dressing_room (0.024299113), bathroom (0.008074528)",34637
1127,27048,indoor,"discotheque (0.5372957), stage/indoor (0.16003533), music_studio (0.0769021), museum/indoor (0.056419674), clean_room (0.04289629)",34637
1128,27072,indoor,"museum/indoor (0.5032686), discotheque (0.102591276), shower (0.07018544), art_gallery (0.0649881), science_museum (0.036294237)",34637
1129,27096,indoor,"shower (0.16208911), museum/indoor (0.116128996), discotheque (0.09812159), clean_room (0.08286221), igloo (0.073969424)",34637
1130,27120,indoor,"clean_room (0.24165776), discotheque (0.24036877), dressing_room (0.09203225), museum/indoor (0.05179486), chemistry_lab (0.04274971)",34637
1131,27144,indoor,"office (0.38056007), conference_room (0.25573096), office_cubicles (0.12774207), library/indoor (0.07059069), dining_room (0.035679683)",34637
1132,27168,indoor,"conference_room (0.27337065), office (0.17047589), restaurant (0.16287568), dining_room (0.12043869), library/indoor (0.09979444)",34637
1133,27192,indoor,"conference_room (0.2699496), office (0.24915688), library/indoor (0.13699518), office_cubicles (0.12171573), archive (0.076931514)",34637
1134,27216,indoor,"office (0.29717782), conference_room (0.2566807), office_cubicles (0.12882197), library/indoor (0.10900016), archive (0.06775886)",34637
1135,27240,indoor,"conference_room (0.33822167), office (0.26243895), office_cubicles (0.096567996), library/indoor (0.08473713), dining_room (0.054715518)",34637
1136,27264,indoor,"office (0.29933083), conference_room (0.26882863), office_cubicles (0.1317594), library/indoor (0.060312796), computer_room (0.05521934)",34637
1137,27288,indoor,"conference_room (0.39803293), dining_room (0.19045919), office (0.15444669), restaurant (0.07766941), library/indoor (0.05887762)",34637
1138,27312,indoor,"conference_room (0.43968263), office (0.18661952), dining_room (0.09190751), library/indoor (0.076275215), restaurant (0.073698424)",34637
1139,27336,indoor,"conference_room (0.42400405), office (0.28079158), office_cubicles (0.10678157), library/indoor (0.06483983), computer_room (0.02835283)",34637
1140,27360,indoor,"conference_room (0.40012532), office (0.23450163), dining_room (0.091718294), library/indoor (0.08994096), office_cubicles (0.05582266)",34637
1141,27384,indoor,"conference_room (0.46587875), office (0.2149419), library/indoor (0.10480567), office_cubicles (0.094565645), dining_room (0.04141385)",34637
1142,27408,indoor,"conference_room (0.2218225), library/indoor (0.19793245), office_cubicles (0.16367634), office (0.160453), dining_room (0.075107984)",34637
1143,27432,indoor,"conference_room (0.25005507), dining_room (0.19387972), office (0.15339886), restaurant (0.114649855), office_cubicles (0.055089187)",34637
1144,27456,indoor,"bathroom (0.6437568), shower (0.15837699), beauty_salon (0.08641205), clean_room (0.017906511), ice_floe (0.012351074)",34637
1145,27480,indoor,"bathroom (0.5354272), beauty_salon (0.21511795), operating_room (0.050990377), clean_room (0.04553653), shower (0.04205144)",34637
1146,27504,indoor,"bathroom (0.5033534), beauty_salon (0.22588798), car_interior (0.05877638), clean_room (0.0550805), shower (0.044411313)",34637
1147,27528,indoor,"beauty_salon (0.49376175), pharmacy (0.12566961), ice_floe (0.07707074), drugstore (0.05943219), operating_room (0.035201292)",34637
1148,27552,indoor,"beauty_salon (0.5693292), bathroom (0.085827336), pharmacy (0.079391085), drugstore (0.048082277), operating_room (0.03351166)",34637
1149,27576,indoor,"office (0.32189494), office_cubicles (0.19024578), computer_room (0.14242867), conference_room (0.13270849), library/indoor (0.06712543)",34637
1150,27600,indoor,"office (0.23760493), conference_room (0.1880273), office_cubicles (0.122584015), computer_room (0.089238934), dining_room (0.085243225)",34637
1151,27624,indoor,"dining_room (0.1911656), office (0.16829649), restaurant (0.16227217), conference_room (0.13403276), office_cubicles (0.071052)",34637
1152,27648,indoor,"office (0.3136429), conference_room (0.12483921), office_cubicles (0.120826036), dining_room (0.10081472), library/indoor (0.07946274)",34637
1153,27672,indoor,"office (0.26685795), conference_room (0.12575004), dining_room (0.117223546), office_cubicles (0.102430604), restaurant (0.09031946)",34637
1154,27696,indoor,"office (0.42608), office_cubicles (0.18106964), conference_room (0.10510595), computer_room (0.06840242), reception (0.051343687)",34637
1155,27720,indoor,"office (0.49222896), office_cubicles (0.20453158), computer_room (0.09818457), conference_room (0.060893293), reception (0.038456377)",34637
1156,27744,indoor,"office (0.30778474), office_cubicles (0.1825635), computer_room (0.16135065), conference_room (0.15219167), library/indoor (0.076241374)",34637
1157,27768,indoor,"bathroom (0.2737572), chemistry_lab (0.09471104), museum/indoor (0.06452828), dressing_room (0.05984538), discotheque (0.054215737)",34637
1158,27792,indoor,"museum/indoor (0.33172512), art_gallery (0.22634119), chemistry_lab (0.07374021), bathroom (0.07342142), clean_room (0.026785266)",34637
1159,27816,indoor,"bathroom (0.6970348), dressing_room (0.077815525), museum/indoor (0.037151456), art_gallery (0.030653942), shower (0.02615323)",34637
1160,27840,indoor,"dressing_room (0.5113047), shower (0.1831064), bathroom (0.16775566), locker_room (0.07938542), elevator/door (0.015375954)",34637
1161,27864,indoor,"bathroom (0.25768968), shower (0.23370436), dressing_room (0.20088235), locker_room (0.093275994), clean_room (0.042130202)",34637
1162,27888,indoor,"dressing_room (0.31017676), shower (0.3087684), bathroom (0.22412257), locker_room (0.044058505), discotheque (0.018793814)",34637
1163,27912,indoor,"clean_room (0.42477837), dressing_room (0.13666654), chemistry_lab (0.10812821), office (0.08288833), biology_laboratory (0.077560514)",34637
1164,27936,indoor,"dressing_room (0.5589446), office (0.12433831), bedroom (0.06184984), hotel_room (0.04412464), clean_room (0.0361666)",34637
1165,27960,indoor,"dressing_room (0.848285), discotheque (0.05439552), clean_room (0.033287134), locker_room (0.013125607), chemistry_lab (0.008454325)",34637
1166,27984,indoor,"dressing_room (0.39053038), clean_room (0.20851618), discotheque (0.17726368), chemistry_lab (0.04315307), music_studio (0.03318359)",34637
1167,28008,indoor,"dressing_room (0.6210074), discotheque (0.1372893), bathroom (0.040305283), clean_room (0.024141978), bar (0.022971675)",34637
1168,28032,indoor,"dressing_room (0.47324845), discotheque (0.29206833), clean_room (0.052137293), chemistry_lab (0.022802874), music_studio (0.021041539)",34637
1169,28056,indoor,"dressing_room (0.49018183), discotheque (0.2712564), clean_room (0.056351103), music_studio (0.0502832), stage/indoor (0.024116274)",34637
1170,28080,indoor,"dressing_room (0.612902), discotheque (0.10569852), clean_room (0.075432196), music_studio (0.04403645), chemistry_lab (0.028460717)",34637
1171,28104,indoor,"conference_room (0.27438983), restaurant (0.19742873), dining_room (0.1687696), office (0.11843538), library/indoor (0.06439754)",34637
1172,28128,indoor,"conference_room (0.28324598), dining_room (0.18776558), restaurant (0.1697094), office (0.13500202), library/indoor (0.066501826)",34637
1173,28152,indoor,"dining_room (0.30929413), restaurant (0.18051016), conference_room (0.17345726), office (0.096855484), library/indoor (0.064951755)",34637
1174,28176,indoor,"office (0.24887581), conference_room (0.2458797), dining_room (0.156178), restaurant (0.100252144), library/indoor (0.09041759)",34637
1175,28200,indoor,"dining_room (0.3004164), restaurant (0.21716368), conference_room (0.13930574), office (0.07667053), dining_hall (0.0728395)",34637
1176,28224,indoor,"dining_room (0.2694605), restaurant (0.22047196), conference_room (0.16093475), office (0.08366329), dining_hall (0.07447613)",34637
1177,28248,indoor,"office (0.35799456), conference_room (0.19358698), office_cubicles (0.1696948), library/indoor (0.07365785), dining_room (0.061781306)",34637
1178,28272,indoor,"dining_room (0.2533879), conference_room (0.16781892), restaurant (0.14476115), office (0.1273291), library/indoor (0.07958884)",34637
1179,28296,indoor,"office (0.24058329), conference_room (0.18470205), dining_room (0.15132472), restaurant (0.103493616), office_cubicles (0.10314136)",34637
1180,28320,indoor,"restaurant (0.28337917), dining_room (0.19897962), dining_hall (0.09621879), banquet_hall (0.08647481), conference_room (0.07451105)",34637
1181,28344,indoor,"restaurant (0.21882844), conference_room (0.18870775), office (0.16623093), dining_room (0.14585975), office_cubicles (0.06459593)",34637
1182,28368,indoor,"clean_room (0.52987146), chemistry_lab (0.101627864), archive (0.065998524), biology_laboratory (0.04300292), office (0.035915367)",34637
1183,28392,indoor,"basement (0.13662282), shower (0.11089983), elevator/door (0.06151657), closet (0.04885804), jail_cell (0.045206018)",34637
1184,28416,outdoor,"snowfield (0.11775569), sky (0.06543505), hot_spring (0.0621938), desert/sand (0.045412283), shower (0.040268138)",34637
1185,28440,indoor,"clean_room (0.5684488), office_cubicles (0.06705179), office (0.033922546), locker_room (0.023889566), bathroom (0.020530285)",34637
1186,28464,indoor,"balcony/interior (0.45542827), atrium/public (0.17197004), porch (0.0992865), staircase (0.03939156), shopping_mall/indoor (0.026195329)",34637
1187,28488,indoor,"atrium/public (0.23321056), lobby (0.20563436), staircase (0.12888338), balcony/interior (0.06027206), server_room (0.04680399)",34637
1188,28512,indoor,"balcony/interior (0.29498434), dining_room (0.1366016), nursery (0.1351494), staircase (0.10464971), clean_room (0.030153302)",34637
1189,28536,indoor,"archive (0.31956553), airport_terminal (0.22365806), atrium/public (0.11373951), ice_shelf (0.06498174), shopping_mall/indoor (0.04994838)",34637
1190,28560,indoor,"archive (0.5558056), locker_room (0.23861854), server_room (0.16258764), balcony/interior (0.0068821786), classroom (0.0049130567)",34637
1191,28584,indoor,"entrance_hall (0.1881591), artists_loft (0.11932446), bow_window/indoor (0.11796343), basement (0.09537021), museum/indoor (0.061794534)",34637
1192,28608,indoor,"clean_room (0.42889088), museum/indoor (0.31136602), shower (0.055410072), archive (0.03908514), bow_window/indoor (0.030739076)",34637
1193,28632,indoor,"museum/indoor (0.8130115), clean_room (0.049407925), art_gallery (0.037952665), bow_window/indoor (0.027549447), artists_loft (0.022924837)",34637
1194,28656,indoor,"museum/indoor (0.57705194), bow_window/indoor (0.10337213), clean_room (0.0574791), art_gallery (0.051399566), shower (0.044044364)",34637
1195,28680,indoor,"museum/indoor (0.66057897), art_gallery (0.06982493), bow_window/indoor (0.054040357), artists_loft (0.04512202), clean_room (0.036701296)",34637
1196,28704,indoor,"museum/indoor (0.63700753), art_gallery (0.06364971), bow_window/indoor (0.05209295), clean_room (0.049606953), artists_loft (0.04721797)",34637
1197,28728,indoor,"museum/indoor (0.5368133), bow_window/indoor (0.09666119), artists_loft (0.07723328), art_gallery (0.06313963), clean_room (0.05122584)",34637
1198,28752,indoor,"museum/indoor (0.6999406), clean_room (0.19829096), art_gallery (0.04171526), archive (0.026720028), artists_loft (0.011711217)",34637
1199,28776,indoor,"clean_room (0.4992732), museum/indoor (0.40571663), art_gallery (0.04271192), shower (0.009536974), archive (0.007160234)",34637
1200,28800,indoor,"clean_room (0.31420633), bow_window/indoor (0.16103664), museum/indoor (0.103160895), closet (0.06964822), art_gallery (0.06613685)",34637
1201,28824,indoor,"bow_window/indoor (0.5026624), shower (0.21278605), elevator/door (0.064787306), doorway/outdoor (0.033295088), locker_room (0.030208593)",34637
1202,28848,indoor,"clean_room (0.25403348), beauty_salon (0.2228906), nursery (0.21232639), living_room (0.06762429), dressing_room (0.02602985)",34637
1203,28872,indoor,"beauty_salon (0.31964734), clean_room (0.30239886), living_room (0.06734452), dressing_room (0.03963823), office (0.021564355)",34637
1204,28896,indoor,"clean_room (0.43949714), dressing_room (0.15205747), banquet_hall (0.07201114), beauty_salon (0.061787374), dining_room (0.05507109)",34637
1205,28920,indoor,"dressing_room (0.3679026), museum/indoor (0.14276968), bathroom (0.13029286), art_gallery (0.07632288), art_studio (0.050299153)",34637
1206,28944,indoor,"banquet_hall (0.35928935), nursery (0.11714091), dining_room (0.08576933), clean_room (0.08334442), hospital_room (0.042244513)",34637
1207,28968,indoor,"clean_room (0.4892174), nursery (0.08328462), chemistry_lab (0.05162705), museum/indoor (0.046070915), beauty_salon (0.03759844)",34637
1208,28992,indoor,"clean_room (0.8076528), hospital_room (0.033518378), chemistry_lab (0.032091804), nursery (0.03180449), operating_room (0.025799034)",34637
1209,29016,indoor,"nursery (0.3016927), clean_room (0.1420642), dressing_room (0.109870136), living_room (0.062942624), hotel_room (0.06144487)",34637
1210,29040,indoor,"dressing_room (0.61366373), clean_room (0.2911945), hospital_room (0.023761718), beauty_salon (0.021097476), nursery (0.01610143)",34637
1211,29064,indoor,"clean_room (0.47010782), nursery (0.16828476), hospital_room (0.10174564), dressing_room (0.06363528), operating_room (0.04227619)",34637
1212,29088,indoor,"clean_room (0.75405425), dressing_room (0.12499558), nursery (0.049147964), hospital_room (0.02154284), operating_room (0.012161923)",34637
1213,29112,indoor,"clean_room (0.5945895), nursery (0.24048895), dressing_room (0.07571081), hospital_room (0.027289288), archive (0.012067962)",34637
1214,29136,indoor,"clean_room (0.666835), hospital_room (0.062492), operating_room (0.057587188), dressing_room (0.04328079), nursery (0.042652927)",34637
1215,29160,indoor,"archive (0.21515971), nursery (0.11862026), dressing_room (0.104813874), clean_room (0.09561532), museum/indoor (0.046320625)",34637
1216,29184,indoor,"dressing_room (0.91741765), discotheque (0.037008826), shower (0.01296518), museum/indoor (0.007001824), stage/indoor (0.006906406)",34637
1217,29208,indoor,"dressing_room (0.6762303), discotheque (0.101274334), shower (0.06287121), museum/indoor (0.034779105), music_studio (0.031822525)",34637
1218,29232,indoor,"dressing_room (0.97465944), shower (0.012749628), discotheque (0.0033978731), bathroom (0.0024282692), nursery (0.0015297838)",34637
1219,29256,indoor,"dressing_room (0.93769634), shower (0.028388819), nursery (0.0096120825), discotheque (0.006436314), bathroom (0.005384244)",34637
1220,29280,indoor,"dressing_room (0.9276019), discotheque (0.03154576), shower (0.016968181), music_studio (0.0045693815), bathroom (0.0033865655)",34637
1221,29304,indoor,"dressing_room (0.7956808), discotheque (0.04360784), shower (0.03545299), music_studio (0.034946375), clean_room (0.022883184)",34637
1222,29328,indoor,"dressing_room (0.67273796), discotheque (0.12905905), music_studio (0.0861217), stage/indoor (0.028333131), shower (0.016843464)",34637
1223,29352,indoor,"dressing_room (0.88985574), discotheque (0.06509737), shower (0.02049466), bathroom (0.007138555), locker_room (0.0041307295)",34637
1224,29376,indoor,"dressing_room (0.8331009), discotheque (0.07261118), museum/indoor (0.016542532), chemistry_lab (0.013126895), clean_room (0.012135855)",34637
1225,29400,indoor,"dressing_room (0.87257874), discotheque (0.03552058), chemistry_lab (0.018733673), clean_room (0.013560995), bar (0.011941019)",34637
1226,29424,indoor,"dressing_room (0.81273407), discotheque (0.047039296), clean_room (0.03841455), beauty_salon (0.02427975), music_studio (0.007718664)",34637
1227,29448,indoor,"dressing_room (0.84053516), shower (0.03161214), discotheque (0.023582699), stage/indoor (0.0150657175), locker_room (0.013632761)",34637
1228,29472,indoor,"dressing_room (0.8765349), shower (0.086336896), discotheque (0.007183692), bathroom (0.005036791), clean_room (0.0035760268)",34637
1229,29496,indoor,"dressing_room (0.35390854), shower (0.34633857), discotheque (0.103781044), bathroom (0.04939998), beauty_salon (0.014664107)",34637
1230,29520,indoor,"dressing_room (0.86398673), discotheque (0.030323941), shower (0.025071817), beauty_salon (0.020967456), nursery (0.010510692)",34637
1231,29544,indoor,"dressing_room (0.91361797), shower (0.04137585), beauty_salon (0.014369636), discotheque (0.0063219434), bathroom (0.0042193825)",34637
1232,29568,indoor,"dressing_room (0.9048375), shower (0.051645424), beauty_salon (0.015050963), museum/indoor (0.00615629), discotheque (0.0035402514)",34637
1233,29592,indoor,"dressing_room (0.5509726), clean_room (0.17397392), discotheque (0.103136905), ballroom (0.021792531), stage/indoor (0.015647106)",34637
1234,29616,indoor,"dressing_room (0.7672523), discotheque (0.06346932), clean_room (0.06310809), locker_room (0.010633693), ballroom (0.008497942)",34637
1235,29640,indoor,"dressing_room (0.8747505), clean_room (0.025865529), discotheque (0.023113297), locker_room (0.01862715), beauty_salon (0.00933314)",34637
1236,29664,indoor,"dressing_room (0.92399085), clean_room (0.018256987), locker_room (0.013468933), discotheque (0.0076381294), beauty_salon (0.0065357876)",34637
1237,29688,indoor,"dressing_room (0.9342694), clean_room (0.013907223), locker_room (0.0084042745), discotheque (0.008089183), beauty_salon (0.0073835705)",34637
1238,29712,indoor,"dressing_room (0.8875629), clean_room (0.028251402), locker_room (0.02332441), discotheque (0.014246128), beauty_salon (0.011130176)",34637
1239,29736,indoor,"dressing_room (0.6649423), clean_room (0.15042803), locker_room (0.061816666), discotheque (0.017966751), beauty_salon (0.012092034)",34637
1240,29760,indoor,"dressing_room (0.7849971), clean_room (0.13324584), locker_room (0.02475193), beauty_salon (0.011694994), discotheque (0.006600649)",34637
1241,29784,indoor,"dressing_room (0.92710865), clean_room (0.04578668), locker_room (0.0046900716), clothing_store (0.003183892), discotheque (0.0031805995)",34637
1242,29808,indoor,"dressing_room (0.72650856), clean_room (0.20395373), locker_room (0.007757743), discotheque (0.0071201473), nursery (0.0068033156)",34637
1243,29832,indoor,"dressing_room (0.84862405), clean_room (0.09474053), locker_room (0.008296391), nursery (0.004677447), beauty_salon (0.0046145217)",34637
1244,29856,indoor,"dressing_room (0.8695315), clean_room (0.07555979), beauty_salon (0.009828991), locker_room (0.0075352965), bathroom (0.0027860173)",34637
1245,29880,indoor,"dressing_room (0.84921557), clean_room (0.09624024), locker_room (0.008606141), beauty_salon (0.0053481995), discotheque (0.004127022)",34637
1246,29904,indoor,"dressing_room (0.6673181), clean_room (0.2513922), locker_room (0.011981327), nursery (0.00668726), beauty_salon (0.0058347457)",34637
1247,29928,indoor,"dressing_room (0.87028134), clean_room (0.08679634), locker_room (0.00553147), beauty_salon (0.0051129395), nursery (0.0034239816)",34637
1248,29952,indoor,"dressing_room (0.95508707), clean_room (0.0152161615), beauty_salon (0.00435079), discotheque (0.0042178747), locker_room (0.0029087604)",34637
1249,29976,indoor,"dressing_room (0.90991765), clean_room (0.062377285), nursery (0.004244054), locker_room (0.0029588689), clothing_store (0.0027263288)",34637
1250,30000,indoor,"dressing_room (0.90049), clean_room (0.072080396), nursery (0.0040176497), locker_room (0.0034588855), clothing_store (0.0022940724)",34637
1251,30024,indoor,"dressing_room (0.5694074), clean_room (0.34120277), locker_room (0.007648193), beauty_salon (0.007054408), nursery (0.0056355586)",34637
1252,30048,indoor,"dressing_room (0.81039935), clean_room (0.10527725), locker_room (0.0114321625), beauty_salon (0.0098709185), nursery (0.004409282)",34637
1253,30072,indoor,"dressing_room (0.6952156), clean_room (0.18853804), nursery (0.019231008), beauty_salon (0.014661481), playroom (0.0066372133)",34637
1254,30096,indoor,"dressing_room (0.841521), clean_room (0.058393136), beauty_salon (0.019232797), nursery (0.009274492), music_studio (0.0069423565)",34637
1255,30120,indoor,"dressing_room (0.9718982), clean_room (0.00786935), beauty_salon (0.004905722), discotheque (0.0018909381), locker_room (0.0013770191)",34637
1256,30144,indoor,"dressing_room (0.86421525), clean_room (0.030066539), locker_room (0.018446473), beauty_salon (0.009738999), nursery (0.009664556)",34637
1257,30168,indoor,"dressing_room (0.96247494), clean_room (0.011683157), locker_room (0.0051181824), beauty_salon (0.0049045924), discotheque (0.0020302804)",34637
1258,30192,indoor,"dressing_room (0.95164406), clean_room (0.011367637), beauty_salon (0.008858209), discotheque (0.003667424), locker_room (0.0031989457)",34637
1259,30216,indoor,"dressing_room (0.94607675), beauty_salon (0.018672194), discotheque (0.004939855), clean_room (0.0042840797), locker_room (0.0036073497)",34637
1260,30240,indoor,"dressing_room (0.907343), clean_room (0.018427348), beauty_salon (0.010897142), shower (0.010512852), bathroom (0.010474523)",34637
1261,30264,indoor,"clean_room (0.32544777), corridor (0.076559514), artists_loft (0.066691786), dressing_room (0.046227537), art_gallery (0.045220997)",34637
1262,30288,outdoor,"jail_cell (0.28121653), shed (0.10250817), shower (0.076789424), barndoor (0.061066292), tree_house (0.051702257)",34637
1263,30312,indoor,"jail_cell (0.5865774), basement (0.062478874), elevator_shaft (0.043369386), barndoor (0.035143144), shed (0.023120029)",34637
1264,30336,indoor,"jail_cell (0.27839965), barndoor (0.18441762), forest/broadleaf (0.0827123), basement (0.037928645), elevator_shaft (0.036595322)",34637
1265,30360,outdoor,"jail_cell (0.18500575), cemetery (0.15384226), shower (0.087459855), forest/broadleaf (0.07088114), barndoor (0.067898646)",34637
1266,30384,outdoor,"shower (0.29422724), barndoor (0.067676164), bathroom (0.06588954), forest/broadleaf (0.049698506), bamboo_forest (0.041148473)",34637
1267,30408,indoor,"shower (0.47100845), aquarium (0.0950075), bathroom (0.05748283), bank_vault (0.043348584), swamp (0.033701412)",34637
1268,30432,indoor,"shower (0.3536216), aquarium (0.22052051), bathroom (0.07808835), bank_vault (0.0587616), jail_cell (0.05810474)",34637
1269,30456,indoor,"shower (0.14611939), jail_cell (0.1294146), barndoor (0.11020912), elevator/door (0.10715836), locker_room (0.04313864)",34637
1270,30480,indoor,"shower (0.26448753), jail_cell (0.15224162), basement (0.086681224), elevator/door (0.05673878), bank_vault (0.054679386)",34637
1271,30504,indoor,"jail_cell (0.2511816), bank_vault (0.16968912), shower (0.14585114), basement (0.08355206), elevator/door (0.071586706)",34637
1272,30528,indoor,"car_interior (0.34832782), auto_factory (0.19997577), parking_lot (0.18973885), junkyard (0.18932457), auto_showroom (0.010157118)",34637
1273,30552,indoor,"car_interior (0.37077913), auto_factory (0.24884081), junkyard (0.14732844), parking_lot (0.1333301), auto_showroom (0.014092077)",34637
1274,30576,indoor,"car_interior (0.4217982), auto_factory (0.2694046), parking_lot (0.117490366), junkyard (0.1171831), laundromat (0.013766789)",34637
1275,30600,indoor,"car_interior (0.4509066), auto_factory (0.22103582), parking_lot (0.11020264), junkyard (0.08448039), laundromat (0.03974532)",34637
1276,30624,indoor,"car_interior (0.37286496), auto_factory (0.1919586), parking_lot (0.17098604), junkyard (0.1267059), laundromat (0.037683964)",34637
1277,30648,indoor,"car_interior (0.53179896), auto_factory (0.18852983), parking_lot (0.11388442), junkyard (0.06258726), laundromat (0.038150907)",34637
1278,30672,indoor,"car_interior (0.4771963), auto_factory (0.15219535), parking_lot (0.13073096), laundromat (0.0748054), junkyard (0.053609427)",34637
1279,30696,indoor,"car_interior (0.4235076), auto_factory (0.19075717), parking_lot (0.16718139), junkyard (0.06408623), airplane_cabin (0.04477154)",34637
1280,30720,indoor,"bow_window/indoor (0.617564), shower (0.27613038), bathroom (0.023223972), artists_loft (0.018079966), elevator/door (0.009761255)",34637
1281,30744,indoor,"bow_window/indoor (0.72250813), shower (0.08670226), artists_loft (0.070002414), alcove (0.013454268), entrance_hall (0.01124165)",34637
1282,30768,indoor,"bow_window/indoor (0.409408), shower (0.31427303), jail_cell (0.06013017), elevator/door (0.03586344), bathroom (0.027248327)",34637
1283,30792,indoor,"bow_window/indoor (0.19253826), museum/indoor (0.15764123), shower (0.08205542), art_gallery (0.059115376), natural_history_museum (0.056431558)",34637
1284,30816,indoor,"bow_window/indoor (0.58210236), shower (0.07480036), artists_loft (0.063535236), museum/indoor (0.03958224), art_gallery (0.03786653)",34637
1285,30840,indoor,"shower (0.4154605), bow_window/indoor (0.2302286), artists_loft (0.051773407), art_gallery (0.04965315), museum/indoor (0.0347756)",34637
1286,30864,indoor,"shower (0.20085797), bow_window/indoor (0.192134), museum/indoor (0.17444253), art_gallery (0.13348481), artists_loft (0.06308642)",34637
1287,30888,indoor,"bow_window/indoor (0.2323392), museum/indoor (0.21125431), artists_loft (0.17092502), art_gallery (0.08798776), shower (0.07209542)",34637
1288,30912,indoor,"museum/indoor (0.7332607), art_gallery (0.093181945), artists_loft (0.06522169), bow_window/indoor (0.020430002), shower (0.017358953)",34637
1289,30936,indoor,"car_interior (0.37767678), parking_lot (0.16398454), auto_factory (0.1452641), laundromat (0.08089838), airplane_cabin (0.072414905)",34637
1290,30960,indoor,"car_interior (0.32452938), auto_factory (0.20065995), laundromat (0.122537024), parking_lot (0.11898668), junkyard (0.1172004)",34637
1291,30984,indoor,"car_interior (0.44214982), auto_factory (0.21981636), parking_lot (0.08423051), junkyard (0.073603205), laundromat (0.06068927)",34637
1292,31008,indoor,"car_interior (0.33415562), auto_factory (0.32980275), parking_lot (0.092605926), junkyard (0.06832176), laundromat (0.057207204)",34637
1293,31032,indoor,"car_interior (0.43597555), auto_factory (0.26095405), laundromat (0.085553624), junkyard (0.072041996), parking_lot (0.050879225)",34637
1294,31056,indoor,"car_interior (0.44566202), auto_factory (0.23331577), junkyard (0.11465814), parking_lot (0.086664796), laundromat (0.03454946)",34637
1295,31080,indoor,"car_interior (0.44784176), auto_factory (0.21908082), parking_lot (0.09143366), junkyard (0.07888346), laundromat (0.060948625)",34637
1296,31104,indoor,"car_interior (0.56893337), auto_factory (0.14178737), junkyard (0.10108956), parking_lot (0.0898995), laundromat (0.032933697)",34637
1297,31128,indoor,"car_interior (0.44715557), parking_lot (0.15661244), auto_factory (0.13693435), junkyard (0.104650326), laundromat (0.06165591)",34637
1298,31152,indoor,"locker_room (0.4107452), server_room (0.28627503), clean_room (0.16558075), archive (0.0636502), office (0.01066383)",34637
1299,31176,indoor,"clean_room (0.24699968), laundromat (0.11520197), jewelry_shop (0.10495554), locker_room (0.09114817), nursery (0.06587804)",34637
1300,31200,indoor,"clean_room (0.22975291), server_room (0.18022972), office_cubicles (0.15443295), airport_terminal (0.09341425), atrium/public (0.045196228)",34637
1301,31224,indoor,"clean_room (0.36561528), office_cubicles (0.12442671), lobby (0.05557346), office (0.0456615), server_room (0.044181623)",34637
1302,31248,indoor,"clean_room (0.6404177), office_cubicles (0.087788485), locker_room (0.05422431), server_room (0.027036492), atrium/public (0.021107025)",34637
1303,31272,indoor,"airport_terminal (0.20837428), clean_room (0.19204156), office_cubicles (0.1380398), mezzanine (0.08400867), atrium/public (0.0658034)",34637
1304,31296,indoor,"server_room (0.14262715), jewelry_shop (0.1283733), clean_room (0.11993893), reception (0.09560441), airport_terminal (0.07627236)",34637
1305,31320,indoor,"locker_room (0.2523), jewelry_shop (0.24281321), server_room (0.101401925), clothing_store (0.09580913), clean_room (0.08065569)",34637
1306,31344,indoor,"locker_room (0.37055266), server_room (0.17834382), archive (0.15174665), clean_room (0.06686009), jewelry_shop (0.030593751)",34637
1307,31368,indoor,"car_interior (0.5575259), parking_lot (0.23182407), auto_factory (0.11493178), junkyard (0.04376719), airplane_cabin (0.009818862)",34637
1308,31392,indoor,"car_interior (0.47472632), parking_lot (0.22716855), auto_factory (0.17523465), laundromat (0.018992057), parking_garage/indoor (0.017495468)",34637
1309,31416,indoor,"laundromat (0.32267854), airplane_cabin (0.280899), clean_room (0.19527759), car_interior (0.04818483), operating_room (0.031753365)",34637
1310,31440,indoor,"laundromat (0.8792245), clean_room (0.058087893), chemistry_lab (0.011677339), classroom (0.00793288), hospital_room (0.004424848)",34637
1311,31464,indoor,"car_interior (0.4200991), airplane_cabin (0.34442672), laundromat (0.05995104), bowling_alley (0.019057082), bus_interior (0.01620803)",34637
1312,31488,indoor,"clean_room (0.31230062), airplane_cabin (0.2235143), laundromat (0.14880817), chemistry_lab (0.02890408), operating_room (0.027349763)",34637
1313,31512,indoor,"clean_room (0.15222327), laundromat (0.08941954), hospital_room (0.083511956), airplane_cabin (0.062193625), car_interior (0.04668799)",34637
1314,31536,indoor,"car_interior (0.21962577), clean_room (0.20080456), hospital_room (0.1710276), laundromat (0.05376669), operating_room (0.035013255)",34637
1315,31560,indoor,"car_interior (0.18654321), clean_room (0.16980247), hospital_room (0.08380235), parking_lot (0.07836827), playground (0.045042377)",34637
1316,31584,indoor,"clean_room (0.28477857), car_interior (0.18845111), hospital_room (0.1331553), laundromat (0.12095714), bowling_alley (0.06413799)",34637
1317,31608,indoor,"car_interior (0.27180532), clean_room (0.2252299), hospital_room (0.15280654), laundromat (0.055108123), operating_room (0.026036534)",34637
1318,31632,indoor,"clean_room (0.33435503), car_interior (0.2504421), hospital_room (0.10774524), auto_factory (0.03286475), operating_room (0.024267046)",34637
1319,31656,indoor,"clean_room (0.29177386), car_interior (0.28707367), hospital_room (0.11352549), auto_factory (0.033850923), operating_room (0.032710545)",34637
1320,31680,indoor,"car_interior (0.3819248), clean_room (0.17411552), hospital_room (0.07069866), auto_factory (0.04910411), parking_lot (0.037967104)",34637
1321,31704,indoor,"car_interior (0.53954434), clean_room (0.08057117), hospital_room (0.043042757), auto_factory (0.042930365), parking_lot (0.0347306)",34637
1322,31728,indoor,"car_interior (0.27515888), laundromat (0.11019947), hospital_room (0.09453348), clean_room (0.05694105), bowling_alley (0.048314184)",34637
1323,31752,indoor,"clean_room (0.38074654), car_interior (0.11049618), laundromat (0.1077122), hospital_room (0.103493445), operating_room (0.026184252)",34637
1324,31776,indoor,"laundromat (0.8050415), airplane_cabin (0.034328114), playground (0.024881398), auto_factory (0.018283881), car_interior (0.017192407)",34637
1325,31800,indoor,"laundromat (0.43019402), parking_lot (0.21002945), parking_garage/indoor (0.1153717), auto_factory (0.051970817), airplane_cabin (0.04988608)",34637
1326,31824,indoor,"crosswalk (0.63827413), food_court (0.052087985), lobby (0.042521708), atrium/public (0.028007058), cafeteria (0.026602972)",34637
1327,31848,indoor,"crosswalk (0.43498838), airport_terminal (0.079053834), parking_garage/indoor (0.045396388), ice_skating_rink/indoor (0.02755069), atrium/public (0.026090244)",34637
1328,31872,indoor,"atrium/public (0.33658344), ballroom (0.14311884), shopping_mall/indoor (0.058149166), courtyard (0.035587624), swimming_pool/indoor (0.026748283)",34637
1329,31896,outdoor,"ice_floe (0.6054223), ice_shelf (0.07815117), shower (0.056388903), pond (0.031035315), clean_room (0.015422146)",34637
1330,31920,indoor,"stage/indoor (0.21225928), discotheque (0.12233534), museum/indoor (0.0670838), ice_shelf (0.056753576), corn_field (0.048339896)",34637
1331,31944,outdoor,"museum/indoor (0.11244202), ice_shelf (0.09604577), corn_field (0.09137785), stage/indoor (0.08434595), ice_floe (0.060079776)",34637
1332,31968,indoor,"corn_field (0.13166286), stage/indoor (0.12692402), ice_shelf (0.106037915), museum/indoor (0.0787044), discotheque (0.074723266)",34637
1333,31992,indoor,"stage/indoor (0.14571784), ice_shelf (0.11199137), corn_field (0.10216432), discotheque (0.09166168), museum/indoor (0.07951768)",34637
1334,32016,indoor,"crosswalk (0.60275537), airport_terminal (0.055141952), lobby (0.038294263), parking_garage/indoor (0.032990243), entrance_hall (0.031029819)",34637
1335,32040,outdoor,"crosswalk (0.40983757), ice_floe (0.15296952), ice_shelf (0.042353693), pier (0.037248597), iceberg (0.023204844)",34637
1336,32064,indoor,"atrium/public (0.276825), lobby (0.05030377), basement (0.048660465), ballroom (0.04769153), locker_room (0.045229115)",34637
1337,32088,indoor,"ice_floe (0.21751651), chemistry_lab (0.15562478), shower (0.13042966), ice_shelf (0.11169132), clean_room (0.062085472)",34637
1338,32112,outdoor,"ice_floe (0.3776816), ice_shelf (0.15214655), lake/natural (0.11916704), pond (0.054880235), snowfield (0.029314768)",34637
1339,32136,indoor,"ice_floe (0.2379502), pond (0.117843494), aquarium (0.10965832), discotheque (0.057482556), stage/indoor (0.051991023)",34637
1340,32160,indoor,"ice_floe (0.12384403), museum/indoor (0.10367425), discotheque (0.06842807), stage/indoor (0.054412853), pond (0.054217055)",34637
1341,32184,outdoor,"corn_field (0.32764605), field/wild (0.17581706), museum/indoor (0.14170693), wheat_field (0.09123966), orchard (0.023340026)",34637
1342,32208,indoor,"shower (0.20027032), clean_room (0.14480007), museum/indoor (0.1243869), chemistry_lab (0.0959231), science_museum (0.08523636)",34637
1343,32232,indoor,"museum/indoor (0.26707998), art_gallery (0.2339775), artists_loft (0.08061199), elevator_lobby (0.07246671), clean_room (0.062106602)",34637
1344,32256,indoor,"museum/indoor (0.21252277), art_gallery (0.2021305), artists_loft (0.10656071), elevator_lobby (0.098715745), corridor (0.062483635)",34637
1345,32280,indoor,"elevator/door (0.5043189), elevator_lobby (0.18054128), museum/indoor (0.069440894), shower (0.05723061), art_gallery (0.0480732)",34637
1346,32304,indoor,"art_gallery (0.17132601), artists_loft (0.16029167), clean_room (0.102686495), corridor (0.0899594), elevator_lobby (0.07697908)",34637
1347,32328,indoor,"artists_loft (0.2881449), art_gallery (0.20347303), museum/indoor (0.15235908), lobby (0.04929258), entrance_hall (0.044837166)",34637
1348,32352,indoor,"artists_loft (0.09436217), elevator_lobby (0.093945086), lobby (0.093218975), museum/indoor (0.07867204), reception (0.06102563)",34637
1349,32376,indoor,"museum/indoor (0.20759988), art_gallery (0.090440005), artists_loft (0.087900765), reception (0.067506336), elevator_lobby (0.060822133)",34637
1350,32400,indoor,"elevator_lobby (0.16839422), artists_loft (0.08411044), elevator/door (0.08146628), reception (0.07500364), shower (0.06352871)",34637
1351,32424,indoor,"artists_loft (0.28133324), entrance_hall (0.09857781), museum/indoor (0.07786246), reception (0.064749606), art_gallery (0.060787342)",34637
1352,32448,indoor,"shower (0.18241768), clean_room (0.09654547), elevator_lobby (0.06843952), elevator/door (0.061272398), corridor (0.06047362)",34637
1353,32472,indoor,"shower (0.20439157), clean_room (0.11062114), bathroom (0.05923998), reception (0.056089286), corridor (0.050259896)",34637
1354,32496,indoor,"reception (0.11549267), artists_loft (0.11045488), entrance_hall (0.08764719), corridor (0.06142978), elevator_lobby (0.060894467)",34637
1355,32520,indoor,"reception (0.13600506), museum/indoor (0.121943325), entrance_hall (0.09049636), lobby (0.079422526), art_gallery (0.07629898)",34637
1356,32544,indoor,"artists_loft (0.31724432), entrance_hall (0.18299788), bow_window/indoor (0.07487827), lobby (0.061962225), museum/indoor (0.060287252)",34637
1357,32568,indoor,"staircase (0.44082376), entrance_hall (0.31155008), mezzanine (0.18520288), attic (0.028679736), artists_loft (0.010501557)",34637
1358,32592,indoor,"staircase (0.64385915), entrance_hall (0.1841109), mezzanine (0.08142725), attic (0.06625882), corridor (0.00907735)",34637
1359,32616,indoor,"staircase (0.49095285), entrance_hall (0.29499578), mezzanine (0.15428554), attic (0.022199102), corridor (0.014146609)",34637
1360,32640,indoor,"staircase (0.57752246), entrance_hall (0.26932257), mezzanine (0.13456225), corridor (0.00554624), attic (0.0029547918)",34637
1361,32664,indoor,"staircase (0.8025935), mezzanine (0.106286064), entrance_hall (0.06709787), museum/indoor (0.005573295), lobby (0.0030222575)",34637
1362,32688,indoor,"staircase (0.9713599), entrance_hall (0.016487893), mezzanine (0.010408983), escalator/indoor (0.0012577147), lobby (0.00015026075)",34637
1363,32712,indoor,"staircase (0.9864746), entrance_hall (0.010790283), escalator/indoor (0.0023837944), lobby (0.000100669764), mezzanine (7.976175e-05)",34637
1364,32736,indoor,"staircase (0.9155268), escalator/indoor (0.07910476), entrance_hall (0.003526571), lobby (0.000244147), mezzanine (0.0002183545)",34637
1365,32760,indoor,"staircase (0.9122685), escalator/indoor (0.062068634), entrance_hall (0.014577549), stage/indoor (0.0022548528), museum/indoor (0.0018723664)",34637
1366,32784,indoor,"staircase (0.8613642), escalator/indoor (0.083793245), entrance_hall (0.016409637), atrium/public (0.004994425), elevator_shaft (0.0036435653)",34637
1367,32808,indoor,"staircase (0.7752611), entrance_hall (0.117335714), escalator/indoor (0.055803362), museum/indoor (0.010467596), atrium/public (0.007586803)",34637
1368,32832,indoor,"staircase (0.70808464), entrance_hall (0.11418211), museum/indoor (0.06952859), escalator/indoor (0.030256227), shower (0.008777268)",34637
1369,32856,indoor,"shower (0.61887234), staircase (0.17554508), museum/indoor (0.08073307), science_museum (0.019850316), bathroom (0.018816173)",34637
1370,32880,indoor,"staircase (0.40305492), shower (0.20442335), bathroom (0.06390947), museum/indoor (0.05532138), entrance_hall (0.047872946)",34637
1371,32904,indoor,"staircase (0.35577047), shower (0.2950231), bank_vault (0.11213705), clean_room (0.051323783), bathroom (0.03415595)",34637
1372,32928,indoor,"music_studio (0.24223126), clean_room (0.13900696), physics_laboratory (0.08253242), shower (0.055341683), discotheque (0.049439777)",34637
1373,32952,indoor,"shower (0.3418598), music_studio (0.23415484), dressing_room (0.08261338), clean_room (0.05473216), clothing_store (0.042285826)",34637
1374,32976,indoor,"shower (0.27200848), dressing_room (0.23877376), clean_room (0.14122304), music_studio (0.046179127), bathroom (0.041546192)",34637
1375,33000,indoor,"dressing_room (0.21380891), music_studio (0.20272481), shower (0.12998006), museum/indoor (0.12516868), art_gallery (0.057665426)",34637
1376,33024,indoor,"shower (0.6160699), bathroom (0.07543133), beauty_salon (0.035744675), corridor (0.033217065), dressing_room (0.03177345)",34637
1377,33048,indoor,"shower (0.7712051), clean_room (0.029752487), museum/indoor (0.020221341), science_museum (0.01162277), music_studio (0.010703212)",34637
1378,33072,indoor,"shower (0.3865812), lobby (0.12139691), staircase (0.09936022), entrance_hall (0.09245382), clean_room (0.056039516)",34637
1379,33096,indoor,"staircase (0.21828525), gymnasium/indoor (0.17677093), shower (0.11162963), clean_room (0.08521272), beauty_salon (0.07596554)",34637
1380,33120,indoor,"clean_room (0.37546834), corridor (0.2050756), entrance_hall (0.055022698), bank_vault (0.050625954), museum/indoor (0.04909747)",34637
1381,33144,indoor,"entrance_hall (0.31438047), clean_room (0.2736229), staircase (0.14715393), corridor (0.11941235), museum/indoor (0.02033544)",34637
1382,33168,indoor,"staircase (0.39683428), clean_room (0.10252459), chemistry_lab (0.09218076), entrance_hall (0.066813365), physics_laboratory (0.034832492)",34637
1383,33192,indoor,"clean_room (0.47888425), chemistry_lab (0.33026993), biology_laboratory (0.051013216), physics_laboratory (0.03783908), archive (0.01297214)",34637
1384,33216,indoor,"clean_room (0.19089027), banquet_hall (0.17470196), engine_room (0.14948495), ballroom (0.07138543), auditorium (0.06840364)",34637
1385,33240,indoor,"clean_room (0.48312223), engine_room (0.18878569), assembly_line (0.11694882), operating_room (0.05574856), butchers_shop (0.055669505)",34637
1386,33264,indoor,"archive (0.2500358), clean_room (0.16209304), cafeteria (0.12776305), restaurant (0.06667319), dining_hall (0.056916133)",34637
1387,33288,indoor,"cafeteria (0.28124398), restaurant (0.14389546), dining_hall (0.09760253), archive (0.09385404), classroom (0.058630392)",34637
1388,33312,indoor,"clean_room (0.5249866), museum/indoor (0.37058514), art_gallery (0.07263705), archive (0.008283905), nursing_home (0.005942033)",34637
1389,33336,indoor,"clean_room (0.6521157), museum/indoor (0.1916937), art_gallery (0.07695722), nursing_home (0.02461568), archive (0.019867105)",34637
1390,33360,indoor,"clean_room (0.17656909), discotheque (0.1403841), chemistry_lab (0.09084361), banquet_hall (0.088852786), physics_laboratory (0.04213051)",34637
1391,33384,indoor,"banquet_hall (0.26868057), discotheque (0.16592678), ballroom (0.10657908), cafeteria (0.09049072), restaurant (0.06318303)",34637
1392,33408,indoor,"discotheque (0.46141055), chemistry_lab (0.066745326), ballroom (0.06040672), clean_room (0.048770953), stage/indoor (0.0329298)",34637
1393,33432,indoor,"chemistry_lab (0.10936062), discotheque (0.09594547), archive (0.074225314), clean_room (0.06598532), banquet_hall (0.064545915)",34637
1394,33456,indoor,"chemistry_lab (0.11812975), discotheque (0.08993388), clean_room (0.07392519), beauty_salon (0.06829097), candy_store (0.059416816)",34637
1395,33480,indoor,"discotheque (0.18515475), clean_room (0.15184149), shower (0.11362831), jewelry_shop (0.090128765), chemistry_lab (0.082951285)",34637
1396,33504,indoor,"discotheque (0.1770927), chemistry_lab (0.089300126), jewelry_shop (0.08224336), bar (0.06155362), music_studio (0.061257917)",34637
1397,33528,indoor,"discotheque (0.22210431), ballroom (0.07639804), banquet_hall (0.07526669), music_studio (0.056505226), bar (0.055958107)",34637
1398,33552,indoor,"discotheque (0.37843016), music_studio (0.11343131), bar (0.05575492), chemistry_lab (0.053213164), clean_room (0.044695426)",34637
1399,33576,indoor,"discotheque (0.30045167), music_studio (0.08476875), chemistry_lab (0.08163381), clean_room (0.06155835), bar (0.05294878)",34637
1400,33600,indoor,"discotheque (0.3386722), ballroom (0.08565489), chemistry_lab (0.08340246), clean_room (0.07897968), banquet_hall (0.048672684)",34637
1401,33624,indoor,"discotheque (0.4490144), stage/indoor (0.108448535), music_studio (0.07665996), ballroom (0.05687943), television_studio (0.041124478)",34637
1402,33648,indoor,"clean_room (0.1816391), discotheque (0.12702312), chemistry_lab (0.06788231), archive (0.066555135), music_studio (0.056285672)",34637
1403,33672,indoor,"kindergarden_classroom (0.31362104), cafeteria (0.20848851), classroom (0.10726637), hospital_room (0.05135292), nursery (0.046508987)",34637
1404,33696,indoor,"kindergarden_classroom (0.11625661), cafeteria (0.11229551), boxing_ring (0.08865355), banquet_hall (0.08798369), discotheque (0.063645735)",34637
1405,33720,indoor,"banquet_hall (0.08467777), archive (0.08410493), hospital_room (0.08116869), supermarket (0.06807013), cafeteria (0.056777984)",34637
1406,33744,indoor,"supermarket (0.14973012), hospital_room (0.101983234), operating_room (0.09766451), nursery (0.053530544), archive (0.04376529)",34637
1407,33768,indoor,"classroom (0.1843444), kindergarden_classroom (0.10746204), archive (0.09816092), hospital_room (0.048527535), ballroom (0.0481749)",34637
1408,33792,indoor,"hospital_room (0.23056273), kindergarden_classroom (0.08040763), operating_room (0.07414418), classroom (0.056937616), slum (0.049928997)",34637
1409,33816,indoor,"hospital_room (0.18405494), locker_room (0.092346475), classroom (0.08303977), kindergarden_classroom (0.08250104), archive (0.06773289)",34637
1410,33840,indoor,"clean_room (0.15699229), archive (0.12673439), hospital_room (0.115756035), locker_room (0.062918186), banquet_hall (0.04401177)",34637
1411,33864,indoor,"hospital_room (0.23181163), clean_room (0.22622845), operating_room (0.09588328), assembly_line (0.059947513), archive (0.05967091)",34637
1412,33888,indoor,"hospital_room (0.24576983), operating_room (0.14654748), clean_room (0.14189708), banquet_hall (0.11937734), cafeteria (0.027717141)",34637
1413,33912,indoor,"banquet_hall (0.12813227), hospital_room (0.11266137), clean_room (0.11174178), cafeteria (0.094511695), chemistry_lab (0.055833556)",34637
1414,33936,indoor,"dressing_room (0.42395395), discotheque (0.110943176), office (0.10335786), office_cubicles (0.033605985), chemistry_lab (0.026985738)",34637
1415,33960,indoor,"discotheque (0.6047833), dressing_room (0.115280576), music_studio (0.04784574), ballroom (0.04751992), bar (0.031799782)",34637
1416,33984,indoor,"discotheque (0.47415844), dressing_room (0.21765043), music_studio (0.07720562), office (0.051436458), ballroom (0.03600249)",34637
1417,34008,indoor,"discotheque (0.86790985), dressing_room (0.05956504), music_studio (0.03093546), ballroom (0.009457655), stage/indoor (0.0072645457)",34637
1418,34032,indoor,"dressing_room (0.68255275), discotheque (0.14550442), office (0.042587355), bar (0.019816464), classroom (0.014883717)",34637
1419,34056,indoor,"dressing_room (0.33627635), discotheque (0.28826237), office (0.08781392), classroom (0.043256655), office_cubicles (0.03527631)",34637
1420,34080,indoor,"discotheque (0.7918412), dressing_room (0.05160347), ballroom (0.030513307), bar (0.028579246), music_studio (0.024834912)",34637
1421,34104,indoor,"dressing_room (0.5883002), discotheque (0.2638079), ballroom (0.028070489), office (0.017555512), bar (0.016322063)",34637
1422,34128,indoor,"dressing_room (0.61821115), discotheque (0.17335325), ballroom (0.041037098), banquet_hall (0.035655886), bar (0.017341781)",34637
1423,34152,indoor,"dressing_room (0.45222288), discotheque (0.34957075), bar (0.03158354), office (0.030180136), music_studio (0.028756563)",34637
1424,34176,indoor,"dressing_room (0.5225596), discotheque (0.25354493), music_studio (0.04422684), ballroom (0.036057744), bar (0.026124664)",34637
1425,34200,indoor,"discotheque (0.37931708), dressing_room (0.299495), ballroom (0.05837105), bar (0.035243414), office (0.032745782)",34637
1426,34224,indoor,"clean_room (0.9786798), museum/indoor (0.0068709217), operating_room (0.0064208424), chemistry_lab (0.0025232611), art_gallery (0.00097507203)",34637
1427,34248,indoor,"clean_room (0.52846587), museum/indoor (0.34611887), archive (0.06297501), physics_laboratory (0.018371973), art_gallery (0.015032653)",34637
1428,34272,indoor,"clean_room (0.52144825), museum/indoor (0.217932), lecture_room (0.07637674), conference_center (0.043947317), archive (0.030111965)",34637
1429,34296,indoor,"clean_room (0.5527017), museum/indoor (0.3178091), art_gallery (0.034128908), archive (0.02128303), lecture_room (0.016016856)",34637
1430,34320,indoor,"art_gallery (0.26102212), artists_loft (0.14023103), museum/indoor (0.13458858), shower (0.098707706), elevator_lobby (0.07179762)",34637
1431,34344,indoor,"elevator/door (0.28216907), elevator_lobby (0.20612729), shower (0.1292267), clean_room (0.0779112), art_gallery (0.057518058)",34637
1432,34368,indoor,"elevator/door (0.39159322), elevator_lobby (0.27282006), art_gallery (0.05312846), shower (0.049504586), museum/indoor (0.04224861)",34637
1433,34392,indoor,"elevator_lobby (0.18075342), artists_loft (0.15786965), art_gallery (0.15296999), museum/indoor (0.088316485), clean_room (0.061205644)",34637
1434,34416,indoor,"museum/indoor (0.19951572), art_gallery (0.16460857), elevator_lobby (0.11071107), artists_loft (0.088667944), clean_room (0.066245355)",34637
1435,34440,indoor,"art_gallery (0.25448045), museum/indoor (0.24881713), artists_loft (0.15421805), lobby (0.041836567), airport_terminal (0.037378244)",34637
1436,34464,indoor,"museum/indoor (0.18334699), art_gallery (0.11793211), artists_loft (0.09502165), entrance_hall (0.07676763), clean_room (0.07132067)",34637
1437,34488,indoor,"museum/indoor (0.098296896), art_gallery (0.09238582), reception (0.08203529), lobby (0.07869281), clean_room (0.077709906)",34637
1438,34512,indoor,"igloo (0.8154895), jail_cell (0.06332238), archive (0.051900286), burial_chamber (0.016668776), pharmacy (0.004437059)",34637
1439,34536,indoor,"igloo (0.8106063), patio (0.014664192), archive (0.013750349), martial_arts_gym (0.010939497), nursery (0.010916214)",34637
1440,34560,indoor,"igloo (0.6368779), patio (0.049585953), bathroom (0.04210409), jail_cell (0.021692505), basement (0.01662447)",34637
1441,34584,indoor,"bathroom (0.35634002), shower (0.111314684), igloo (0.09446582), jail_cell (0.044149466), archive (0.022250552)",34637
1442,34608,indoor,"entrance_hall (0.14047204), lobby (0.12379058), museum/indoor (0.097052656), art_gallery (0.08968853), reception (0.08013463)",34637
1443,34632,indoor,"museum/indoor (0.17973723), entrance_hall (0.15151776), art_gallery (0.11212369), artists_loft (0.108617425), lobby (0.057189353)",34637
1444,34656,indoor,"entrance_hall (0.14420463), artists_loft (0.13018711), museum/indoor (0.12428318), art_gallery (0.10564895), lobby (0.073406845)",34637
1445,34680,indoor,"lobby (0.108829685), museum/indoor (0.093977794), entrance_hall (0.09074941), artists_loft (0.08334169), clean_room (0.08287605)",34637
1446,34704,indoor,"artists_loft (0.10021031), entrance_hall (0.09924752), clean_room (0.0890264), lobby (0.0855366), elevator_lobby (0.08388962)",34637
1447,34728,indoor,"museum/indoor (0.14866203), art_gallery (0.09754813), artists_loft (0.08933427), entrance_hall (0.08400482), lobby (0.06919933)",34637
1448,34752,indoor,"clean_room (0.15559545), corridor (0.10767273), artists_loft (0.082588695), elevator_lobby (0.07852536), art_gallery (0.04979926)",34637
1449,34776,indoor,"clean_room (0.26326236), museum/indoor (0.15954329), art_gallery (0.06034759), artists_loft (0.051471833), clothing_store (0.047030047)",34637
1450,34800,indoor,"clean_room (0.18278663), museum/indoor (0.1321933), artists_loft (0.09044901), art_gallery (0.08969983), corridor (0.06761771)",34637
1451,34824,indoor,"clean_room (0.14903249), artists_loft (0.10009075), elevator_lobby (0.08806097), corridor (0.060186207), museum/indoor (0.05644704)",34637
1452,34848,indoor,"artists_loft (0.12269376), clean_room (0.11306675), reception (0.10853051), entrance_hall (0.07845484), corridor (0.07546943)",34637
1453,34872,indoor,"corridor (0.121721745), reception (0.11697948), entrance_hall (0.09438307), elevator_lobby (0.06825224), artists_loft (0.05650331)",34637
1454,34896,indoor,"entrance_hall (0.15250823), reception (0.11729164), corridor (0.10631256), artists_loft (0.08364568), elevator_lobby (0.080459215)",34637
1455,34920,indoor,"artists_loft (0.1932419), entrance_hall (0.12888506), museum/indoor (0.10067908), art_gallery (0.07878927), lobby (0.059352778)",34637
1456,34944,indoor,"artists_loft (0.20620635), entrance_hall (0.09967879), museum/indoor (0.07834626), art_gallery (0.07278992), clean_room (0.06273538)",34637
1457,34968,indoor,"bathroom (0.20007838), clean_room (0.11881059), shower (0.097130306), bowling_alley (0.050742283), igloo (0.0497264)",34637
1458,34992,indoor,"archive (0.7056265), igloo (0.079719365), pharmacy (0.05274679), drugstore (0.0483866), clean_room (0.009727716)",34637
1459,35016,indoor,"archive (0.3792282), igloo (0.33961877), jail_cell (0.078892216), museum/indoor (0.014367711), shower (0.013030302)",34637
1460,35040,indoor,"igloo (0.47705773), archive (0.20085752), jail_cell (0.13424371), burial_chamber (0.016290037), bathroom (0.01565453)",34637
1461,35064,indoor,"igloo (0.7099928), jail_cell (0.09247119), archive (0.088173956), burial_chamber (0.02358826), museum/indoor (0.013135575)",34637
1462,35088,indoor,"igloo (0.8991387), jail_cell (0.025572779), archive (0.018222906), bathroom (0.009651029), shower (0.0066309744)",34637
1463,35112,indoor,"igloo (0.5221845), jail_cell (0.18247028), classroom (0.04956983), bathroom (0.029397706), archive (0.02872787)",34637
1464,35136,indoor,"igloo (0.46715733), archive (0.29209992), clean_room (0.04607288), pharmacy (0.02877115), drugstore (0.02668197)",34637
1465,35160,indoor,"igloo (0.24604173), bowling_alley (0.103083655), museum/indoor (0.062809244), bathroom (0.04807563), shower (0.044265345)",34637
1466,35184,indoor,"igloo (0.27145213), jail_cell (0.09481145), nursery (0.045893274), staircase (0.04472805), archive (0.03951924)",34637
1467,35208,indoor,"archive (0.3811508), jail_cell (0.12528539), server_room (0.069240525), barndoor (0.042636354), storage_room (0.025076885)",34637
1468,35232,indoor,"classroom (0.14228278), waiting_room (0.08084785), office_cubicles (0.07951741), clean_room (0.0776777), chemistry_lab (0.057097435)",34637
1469,35256,indoor,"shower (0.65673006), dressing_room (0.08971117), museum/indoor (0.067743056), art_gallery (0.05863824), bathroom (0.050584435)",34637
1470,35280,indoor,"wind_farm (0.19500086), shower (0.13081305), elevator/door (0.089230485), corridor (0.08742446), closet (0.08393944)",34637
1471,35304,indoor,"closet (0.82755774), shower (0.036614053), clothing_store (0.02711075), wind_farm (0.027053647), elevator/door (0.0149628855)",34637
1472,35328,indoor,"elevator/door (0.53948665), closet (0.17812383), elevator_lobby (0.055689923), wind_farm (0.04356117), shower (0.030115109)",34637
1473,35352,indoor,"clean_room (0.75432885), museum/indoor (0.15381871), art_gallery (0.024710879), nursing_home (0.011881334), archive (0.009572574)",34637
1474,35376,indoor,"clean_room (0.57949954), museum/indoor (0.28138077), archive (0.080212176), nursing_home (0.008245811), art_gallery (0.008066282)",34637
1475,35400,indoor,"clean_room (0.91238654), museum/indoor (0.048601918), archive (0.010174351), nursing_home (0.0056321737), operating_room (0.005489247)",34637
1476,35424,indoor,"dressing_room (0.90515584), shower (0.021373864), clean_room (0.020483423), locker_room (0.011060173), bathroom (0.010744246)",34637
1477,35448,indoor,"dressing_room (0.87876326), clean_room (0.068314865), clothing_store (0.022106053), locker_room (0.007514618), gift_shop (0.002329179)",34637
1478,35472,indoor,"dressing_room (0.57370776), clean_room (0.25094554), shower (0.043005105), locker_room (0.039982505), clothing_store (0.024351543)",34637
1479,35496,indoor,"dressing_room (0.33513322), clean_room (0.31433892), locker_room (0.22191551), chemistry_lab (0.04382922), clothing_store (0.0106815165)",34637
1480,35520,indoor,"dressing_room (0.28325123), clean_room (0.25095266), locker_room (0.12350361), art_gallery (0.089866124), museum/indoor (0.06889598)",34637
1481,35544,indoor,"dressing_room (0.6091107), museum/indoor (0.0517868), art_gallery (0.047550026), art_studio (0.04573426), chemistry_lab (0.036002383)",34637
1482,35568,indoor,"dressing_room (0.9126778), clean_room (0.022010759), discotheque (0.013149893), art_gallery (0.010891378), art_studio (0.00848244)",34637
1483,35592,indoor,"clean_room (0.63399416), dressing_room (0.22654165), chemistry_lab (0.04100565), discotheque (0.015806314), art_studio (0.009829377)",34637
1484,35616,indoor,"dressing_room (0.6558034), clean_room (0.25696132), chemistry_lab (0.050771978), locker_room (0.005120174), shower (0.0042195115)",34637
1485,35640,indoor,"dressing_room (0.3869159), operating_room (0.22211698), clean_room (0.1897457), hospital_room (0.061147623), nursery (0.047995772)",34637
1486,35664,indoor,"dressing_room (0.5470561), nursery (0.31575933), bedroom (0.021628153), archive (0.016344449), beauty_salon (0.012855175)",34637
1487,35688,indoor,"dressing_room (0.6032495), nursery (0.24310918), clothing_store (0.02470555), department_store (0.019061623), beauty_salon (0.016039835)",34637
1488,35712,indoor,"nursery (0.22977719), clean_room (0.17762393), archive (0.17179704), dressing_room (0.15626687), department_store (0.06188617)",34637
1489,35736,indoor,"dressing_room (0.7385875), nursery (0.15960482), clean_room (0.041202366), hospital_room (0.014751935), beauty_salon (0.010483958)",34637
1490,35760,indoor,"dressing_room (0.44051263), nursery (0.16145854), clean_room (0.08452334), hospital_room (0.04540712), beauty_salon (0.041873228)",34637
1491,35784,indoor,"archive (0.8924235), nursery (0.04472683), classroom (0.014073882), art_studio (0.009189352), childs_room (0.00798691)",34637
1492,35808,indoor,"archive (0.87245923), nursery (0.07174173), clean_room (0.010741024), childs_room (0.0095728645), pharmacy (0.0076228636)",34637
1493,35832,indoor,"archive (0.6992521), nursery (0.20678094), childs_room (0.03409688), classroom (0.012964658), kindergarden_classroom (0.010406432)",34637
1494,35856,indoor,"archive (0.8766171), nursery (0.08323633), childs_room (0.013419909), pharmacy (0.0037103435), classroom (0.0036752324)",34637
1495,35880,indoor,"archive (0.71819305), nursery (0.14516775), childs_room (0.04647426), clean_room (0.017759213), pharmacy (0.012962622)",34637
1496,35904,indoor,"archive (0.5633887), nursery (0.18792924), childs_room (0.06780891), pharmacy (0.031611934), clean_room (0.029044038)",34637
1497,35928,indoor,"dressing_room (0.4604685), clean_room (0.34327298), chemistry_lab (0.09770395), discotheque (0.018618267), locker_room (0.016368411)",34637
1498,35952,indoor,"dressing_room (0.7494995), clean_room (0.2051125), chemistry_lab (0.023024818), discotheque (0.0056563583), beauty_salon (0.0039031089)",34637
1499,35976,indoor,"dressing_room (0.8386907), clean_room (0.14391749), chemistry_lab (0.011715701), biology_laboratory (0.0014945696), locker_room (0.0010249432)",34637
1500,36000,indoor,"clean_room (0.90358263), locker_room (0.012453763), dressing_room (0.01233649), chemistry_lab (0.01060291), archive (0.0071057943)",34637
1501,36024,indoor,"clean_room (0.98985016), chemistry_lab (0.004382007), biology_laboratory (0.0015214903), operating_room (0.0012192241), hospital_room (0.00061894784)",34637
1502,36048,indoor,"physics_laboratory (0.18417163), biology_laboratory (0.17181128), chemistry_lab (0.14868417), archive (0.13615806), clean_room (0.11453276)",34637
1503,36072,indoor,"clean_room (0.5858306), biology_laboratory (0.14143045), chemistry_lab (0.0824634), physics_laboratory (0.06163238), archive (0.024873817)",34637
1504,36096,indoor,"clean_room (0.30848962), office_cubicles (0.17285384), archive (0.12279707), office (0.09133269), biology_laboratory (0.08635627)",34637
1505,36120,indoor,"physics_laboratory (0.37277508), biology_laboratory (0.22740436), chemistry_lab (0.18809687), clean_room (0.08155114), dressing_room (0.026887123)",34637
1506,36144,indoor,"archive (0.4456606), physics_laboratory (0.1400406), clean_room (0.13009946), chemistry_lab (0.056745257), dressing_room (0.0411796)",34637
1507,36168,indoor,"archive (0.35834548), clean_room (0.21557076), office (0.11880303), dressing_room (0.09407589), office_cubicles (0.053829458)",34637
1508,36192,indoor,"clean_room (0.92937565), operating_room (0.017843593), biology_laboratory (0.008563369), archive (0.008359712), dressing_room (0.007339951)",34637
1509,36216,indoor,"clean_room (0.5221313), dressing_room (0.25289685), operating_room (0.05118676), chemistry_lab (0.032095764), hospital_room (0.020684753)",34637
1510,36240,indoor,"dressing_room (0.55093867), clean_room (0.14978673), shower (0.08041174), bathroom (0.080320455), chemistry_lab (0.028948776)",34637
1511,36264,indoor,"clean_room (0.9273014), operating_room (0.021363769), beauty_salon (0.0144984275), museum/indoor (0.007455341), art_gallery (0.0070046727)",34637
1512,36288,indoor,"clean_room (0.9941369), chemistry_lab (0.0023807348), operating_room (0.0015631639), biology_laboratory (0.00039893898), ice_cream_parlor (0.0002392318)",34637
1513,36312,indoor,"clean_room (0.8691865), museum/indoor (0.06451818), archive (0.025271634), art_gallery (0.016595796), chemistry_lab (0.00593134)",34637
1514,36336,indoor,"clean_room (0.9563842), museum/indoor (0.014038067), chemistry_lab (0.009008849), physics_laboratory (0.008455827), operating_room (0.0047562164)",34637
1515,36360,indoor,"staircase (0.7233462), entrance_hall (0.1661844), mezzanine (0.08709355), corridor (0.013987877), basement (0.005332521)",34637
1516,36384,indoor,"staircase (0.95947087), mezzanine (0.021875754), entrance_hall (0.015848551), corridor (0.0010153026), basement (0.0005020163)",34637
1517,36408,indoor,"staircase (0.9517983), mezzanine (0.018611595), entrance_hall (0.018079327), corridor (0.007429825), basement (0.0018107963)",34637
1518,36432,indoor,"staircase (0.967397), mezzanine (0.013482952), entrance_hall (0.0075305393), corridor (0.0062915874), basement (0.0013934866)",34637
1519,36456,indoor,"staircase (0.95980024), entrance_hall (0.019233009), mezzanine (0.01524944), corridor (0.0047997585), basement (0.00035861536)",34637
1520,36480,indoor,"staircase (0.9806911), corridor (0.006374617), entrance_hall (0.005568275), mezzanine (0.004925208), balcony/interior (0.00033438974)",34637
1521,36504,indoor,"staircase (0.9890484), mezzanine (0.0065153954), entrance_hall (0.0028855396), corridor (0.0005525577), balcony/interior (0.00017415511)",34637
1522,36528,indoor,"elevator/door (0.64243615), closet (0.21465215), shower (0.046252046), elevator_lobby (0.03999534), wind_farm (0.0112461625)",34637
1523,36552,indoor,"closet (0.3722346), elevator/door (0.2515528), shower (0.115028106), wind_farm (0.11370219), locker_room (0.04180377)",34637
1524,36576,indoor,"wind_farm (0.4644428), closet (0.22802289), bow_window/indoor (0.07256638), arch (0.046901576), shower (0.045540404)",34637
1525,36600,indoor,"closet (0.49025372), shower (0.09453114), elevator/door (0.08267515), bow_window/indoor (0.049798097), wind_farm (0.03279351)",34637
1526,36624,indoor,"shower (0.5868014), elevator/door (0.08789326), closet (0.05613282), museum/indoor (0.044893496), bow_window/indoor (0.03969946)",34637
1527,36648,indoor,"shower (0.67746013), bathroom (0.067791805), art_gallery (0.059084073), dressing_room (0.055026945), museum/indoor (0.048722174)",34637
1528,36672,indoor,"staircase (0.99799734), entrance_hall (0.0012337681), mezzanine (0.00021100478), escalator/indoor (0.00020243597), corridor (0.00017688649)",34637
1529,36696,indoor,"staircase (0.985509), entrance_hall (0.0068716267), escalator/indoor (0.0050060893), mezzanine (0.00079169706), corridor (0.0003900522)",34637
1530,36720,indoor,"staircase (0.9680752), entrance_hall (0.010266683), escalator/indoor (0.010149657), fire_escape (0.0013663712), shower (0.0011546224)",34637
1531,36744,indoor,"staircase (0.89290416), escalator/indoor (0.03441298), shower (0.013476594), entrance_hall (0.010648954), discotheque (0.01023319)",34637
1532,36768,indoor,"discotheque (0.3848715), shower (0.24077272), staircase (0.13886356), stage/indoor (0.07174113), escalator/indoor (0.018661343)",34637
1533,36792,indoor,"staircase (0.6654256), shower (0.1077788), escalator/indoor (0.042674378), discotheque (0.03498898), stage/indoor (0.020607112)",34637
1534,36816,indoor,"staircase (0.747885), clean_room (0.07148762), archive (0.037280764), museum/indoor (0.036711883), shower (0.021883087)",34637
1535,36840,indoor,"staircase (0.9138345), clean_room (0.02032704), entrance_hall (0.014239663), escalator/indoor (0.007308062), corridor (0.007105916)",34637
1536,36864,indoor,"staircase (0.49453247), discotheque (0.2918265), stage/indoor (0.049975164), escalator/indoor (0.04663816), shower (0.041626163)",34637
1537,36888,indoor,"discotheque (0.73976135), stage/indoor (0.06487591), staircase (0.05184977), shower (0.04505641), music_studio (0.03907467)",34637
1538,36912,indoor,"staircase (0.54145426), discotheque (0.25325298), stage/indoor (0.06702247), shower (0.051089447), music_studio (0.029249417)",34637
1539,36936,indoor,"staircase (0.8139987), discotheque (0.075347245), stage/indoor (0.04331518), music_studio (0.014382262), escalator/indoor (0.0138758905)",34637
1540,36960,indoor,"stage/indoor (0.20695524), music_studio (0.18879177), discotheque (0.14868972), television_studio (0.075291015), shower (0.062417425)",34637
1541,36984,indoor,"music_studio (0.3449565), discotheque (0.19742139), stage/indoor (0.13862407), dressing_room (0.10412994), ballroom (0.034109488)",34637
1542,37008,indoor,"discotheque (0.344377), music_studio (0.2613703), stage/indoor (0.11479184), dressing_room (0.087533474), staircase (0.06466204)",34637
1543,37032,indoor,"dressing_room (0.20887727), staircase (0.15044737), clean_room (0.13436691), discotheque (0.11496925), locker_room (0.1076509)",34637
1544,37056,indoor,"staircase (0.19280604), clean_room (0.1844302), dressing_room (0.14188372), locker_room (0.12864147), discotheque (0.07412239)",34637
1545,37080,indoor,"locker_room (0.2933402), clean_room (0.17691042), dressing_room (0.121840626), museum/indoor (0.08285), shower (0.07614826)",34637
1546,37104,indoor,"staircase (0.3490017), museum/indoor (0.2193693), archive (0.09775163), locker_room (0.06079559), lecture_room (0.03205359)",34637
1547,37128,indoor,"staircase (0.7493113), discotheque (0.032751177), shower (0.028316546), escalator/indoor (0.019318756), office (0.017556425)",34637
1548,37152,indoor,"staircase (0.7568475), entrance_hall (0.15670052), mezzanine (0.031655233), atrium/public (0.009993598), corridor (0.0076860995)",34637
1549,37176,indoor,"staircase (0.97084135), entrance_hall (0.020384425), mezzanine (0.004217124), corridor (0.0011799282), basement (0.0011195003)",34637
1550,37200,indoor,"staircase (0.98663723), entrance_hall (0.0067341547), corridor (0.0017953233), mezzanine (0.0014005468), basement (0.001059844)",34637
1551,37224,indoor,"staircase (0.99082303), shower (0.003662575), fire_escape (0.0014967466), entrance_hall (0.00066233566), basement (0.00045863842)",34637
1552,37248,indoor,"staircase (0.96753716), shower (0.00749315), escalator/indoor (0.0048477836), entrance_hall (0.004366939), basement (0.0038287253)",34637
1553,37272,indoor,"staircase (0.96863997), escalator/indoor (0.020185186), entrance_hall (0.002141842), discotheque (0.0017996076), shower (0.0016363665)",34637
1554,37296,indoor,"staircase (0.9885543), escalator/indoor (0.0030710553), entrance_hall (0.0027277148), basement (0.0011438305), shower (0.00088972383)",34637
1555,37320,indoor,"staircase (0.9771438), entrance_hall (0.010228706), escalator/indoor (0.006620065), mezzanine (0.0023189045), fire_escape (0.0008775155)",34637
1556,37344,indoor,"staircase (0.9905695), entrance_hall (0.0028454466), escalator/indoor (0.0024822424), fire_escape (0.0012281067), mezzanine (0.0009659785)",34637
1557,37368,indoor,"staircase (0.9789574), entrance_hall (0.012231122), mezzanine (0.0036603543), balcony/interior (0.0012476427), escalator/indoor (0.0009819865)",34637
1558,37392,indoor,"bow_window/indoor (0.19036256), shower (0.15064749), artists_loft (0.09964382), elevator/door (0.09222089), elevator_lobby (0.073346175)",34637
1559,37416,indoor,"museum/indoor (0.17953856), archive (0.14318348), clean_room (0.097456686), office (0.061628863), conference_room (0.058396854)",34637
1560,37440,indoor,"office (0.28719112), museum/indoor (0.14868987), reception (0.109014906), archive (0.09654236), office_cubicles (0.05217818)",34637
1561,37464,indoor,"art_gallery (0.23534043), museum/indoor (0.14909981), archive (0.10616388), corridor (0.10432557), attic (0.033651646)",34637
1562,37488,indoor,"museum/indoor (0.19356285), art_gallery (0.15572268), archive (0.090367734), dressing_room (0.086331196), corridor (0.07594342)",34637
1563,37512,indoor,"museum/indoor (0.5534179), art_gallery (0.14509259), alcove (0.1257834), reception (0.021352986), archive (0.020897727)",34637
1564,37536,indoor,"dressing_room (0.7631297), locker_room (0.11884638), bathroom (0.047866624), clean_room (0.019401472), shower (0.019097218)",34637
1565,37560,indoor,"dressing_room (0.5936185), locker_room (0.14748824), bathroom (0.12796012), shower (0.07538201), clean_room (0.015709303)",34637
1566,37584,indoor,"museum/indoor (0.3263972), reception (0.090348385), archive (0.08739945), art_gallery (0.072055504), alcove (0.07039037)",34637
1567,37608,indoor,"museum/indoor (0.45776835), shower (0.09300244), art_gallery (0.074950814), clean_room (0.056183763), dressing_room (0.037965402)",34637
1568,37632,indoor,"museum/indoor (0.20347048), clean_room (0.14235693), clothing_store (0.102293536), dressing_room (0.096420296), art_gallery (0.06202647)",34637
1569,37656,indoor,"clean_room (0.40503258), dressing_room (0.22929955), shower (0.12474209), museum/indoor (0.05756934), bathroom (0.032938037)",34637
1570,37680,indoor,"bow_window/indoor (0.6260214), corridor (0.075903594), artists_loft (0.05406829), entrance_hall (0.027631264), elevator_lobby (0.025002649)",34637
1571,37704,indoor,"dressing_room (0.8747483), locker_room (0.05501162), clean_room (0.020028343), clothing_store (0.016617846), bathroom (0.0054148803)",34637
1572,37728,indoor,"dressing_room (0.6411078), locker_room (0.27529192), clean_room (0.011939619), bathroom (0.011822268), shower (0.006116624)",34637
1573,37752,indoor,"dressing_room (0.54448766), locker_room (0.23606926), clean_room (0.10445065), archive (0.01749939), office (0.011780094)",34637
1574,37776,indoor,"clean_room (0.26628482), locker_room (0.2178589), dressing_room (0.2044929), museum/indoor (0.14770424), archive (0.029836068)",34637
1575,37800,indoor,"archive (0.6242441), clean_room (0.11328956), nursery (0.109847784), pharmacy (0.037712708), art_studio (0.019792208)",34637
1576,37824,indoor,"archive (0.77768844), clean_room (0.114964776), nursery (0.038916137), chemistry_lab (0.013621121), drugstore (0.012095308)",34637
1577,37848,indoor,"archive (0.42213705), clean_room (0.36069506), pharmacy (0.03949617), drugstore (0.035406064), chemistry_lab (0.031019265)",34637
1578,37872,indoor,"art_gallery (0.20597832), artists_loft (0.15645827), museum/indoor (0.10443551), dressing_room (0.07088778), art_studio (0.05903461)",34637
1579,37896,indoor,"dressing_room (0.48930714), clean_room (0.09738038), locker_room (0.07561539), music_studio (0.033627212), art_gallery (0.029689102)",34637
1580,37920,indoor,"clean_room (0.23243755), art_gallery (0.13388084), art_studio (0.11311034), dressing_room (0.08571797), museum/indoor (0.06536792)",34637
1581,37944,indoor,"clean_room (0.7070597), bathroom (0.07790615), shower (0.071308486), beauty_salon (0.06520442), dressing_room (0.029818501)",34637
1582,37968,indoor,"clean_room (0.5637488), nursery (0.05333957), banquet_hall (0.045625754), dressing_room (0.045595333), shower (0.043298542)",34637
1583,37992,indoor,"clean_room (0.319351), chemistry_lab (0.11528903), dressing_room (0.108877026), beauty_salon (0.080180116), shower (0.047400586)",34637
1584,38016,indoor,"clean_room (0.7320799), dressing_room (0.03933619), beauty_salon (0.032675773), nursery (0.027671333), chemistry_lab (0.02418917)",34637
1585,38040,indoor,"clean_room (0.66122186), dressing_room (0.08798914), chemistry_lab (0.04383757), nursery (0.041452404), beauty_salon (0.034767814)",34637
1586,38064,indoor,"clean_room (0.66654253), dressing_room (0.08965569), beauty_salon (0.036241725), clothing_store (0.032041766), nursery (0.029605119)",34637
1587,38088,indoor,"clean_room (0.41668445), dressing_room (0.23594412), beauty_salon (0.11138909), chemistry_lab (0.05404022), bathroom (0.027966693)",34637
1588,38112,indoor,"clean_room (0.4752075), chemistry_lab (0.2216277), beauty_salon (0.13727583), biology_laboratory (0.053515375), dressing_room (0.028466234)",34637
1589,38136,indoor,"clean_room (0.6433563), locker_room (0.13146709), archive (0.08456634), dressing_room (0.041045405), physics_laboratory (0.0120064635)",34637
1590,38160,indoor,"clean_room (0.78714496), operating_room (0.07344282), hospital_room (0.035564616), chemistry_lab (0.029069575), beauty_salon (0.023897026)",34637
1591,38184,indoor,"clean_room (0.21189283), archive (0.21110599), library/indoor (0.068582825), science_museum (0.049042504), airport_terminal (0.044089306)",34637
1592,38208,indoor,"archive (0.3897684), ballroom (0.10375586), locker_room (0.04535685), restaurant (0.034197986), banquet_hall (0.03403982)",34637
1593,38232,indoor,"dressing_room (0.24207217), martial_arts_gym (0.22171335), nursery (0.09546956), ballroom (0.056785222), clean_room (0.05434345)",34637
1594,38256,indoor,"nursery (0.15814759), dressing_room (0.12714171), archive (0.12595609), ballroom (0.10854314), banquet_hall (0.0681503)",34637
1595,38280,indoor,"clean_room (0.59006375), dressing_room (0.14129044), locker_room (0.09597726), archive (0.03266468), museum/indoor (0.030716136)",34637
1596,38304,indoor,"clean_room (0.5753961), dressing_room (0.23886688), locker_room (0.051531345), archive (0.034749508), museum/indoor (0.023619827)",34637
1597,38328,indoor,"dressing_room (0.5167322), clean_room (0.27129585), locker_room (0.04060593), archive (0.03000285), office (0.017870352)",34637
1598,38352,indoor,"dressing_room (0.5664172), clean_room (0.2515881), locker_room (0.06701038), museum/indoor (0.023583753), art_gallery (0.008594302)",34637
1599,38376,indoor,"banquet_hall (0.2578178), archive (0.23482953), classroom (0.064345375), nursery (0.057448972), chemistry_lab (0.05501574)",34637
1600,38400,indoor,"archive (0.7889684), library/indoor (0.02627453), chemistry_lab (0.023071893), banquet_hall (0.020542987), classroom (0.016939392)",34637
1601,38424,indoor,"archive (0.35810536), classroom (0.13162495), chemistry_lab (0.117834345), banquet_hall (0.06320145), biology_laboratory (0.054042626)",34637
1602,38448,indoor,"archive (0.5068586), banquet_hall (0.0681284), dressing_room (0.05412976), classroom (0.04518258), nursery (0.04018269)",34637
1603,38472,indoor,"archive (0.7405888), nursing_home (0.041582804), library/indoor (0.025093563), banquet_hall (0.018497203), nursery (0.017805168)",34637
1604,38496,indoor,"archive (0.8426991), clean_room (0.021079142), chemistry_lab (0.017226016), library/indoor (0.011101584), banquet_hall (0.009045403)",34637
1605,38520,indoor,"archive (0.734203), banquet_hall (0.054728743), library/indoor (0.028975548), dining_hall (0.015081182), classroom (0.0122867115)",34637
1606,38544,indoor,"archive (0.74811804), banquet_hall (0.05877214), library/indoor (0.033417873), clean_room (0.011587807), classroom (0.011487579)",34637
1607,38568,indoor,"archive (0.90404576), library/indoor (0.031947564), banquet_hall (0.019492222), clean_room (0.0045622573), chemistry_lab (0.0039642225)",34637
1608,38592,indoor,"archive (0.3092931), banquet_hall (0.13288912), dressing_room (0.08773012), chemistry_lab (0.06099951), nursing_home (0.037572246)",34637
1609,38616,indoor,"banquet_hall (0.24366826), archive (0.20402218), nursery (0.06838483), hospital_room (0.051235802), clean_room (0.050225265)",34637
1610,38640,indoor,"clean_room (0.33480352), archive (0.20240754), chemistry_lab (0.10569578), physics_laboratory (0.06655586), science_museum (0.03634176)",34637
1611,38664,indoor,"clean_room (0.2806466), engine_room (0.21502125), archive (0.08150093), assembly_line (0.06896686), auto_factory (0.06279786)",34637
1612,38688,indoor,"clean_room (0.2547596), chemistry_lab (0.099517934), archive (0.09348284), engine_room (0.08878574), music_studio (0.06379647)",34637
1613,38712,indoor,"chemistry_lab (0.26502934), clean_room (0.25649482), biology_laboratory (0.06909775), engine_room (0.06588953), physics_laboratory (0.03600628)",34637
1614,38736,indoor,"clean_room (0.37959662), chemistry_lab (0.12429099), engine_room (0.06609289), locker_room (0.05693338), gymnasium/indoor (0.049001962)",34637
1615,38760,indoor,"clean_room (0.8708863), chemistry_lab (0.058976278), museum/indoor (0.021276884), physics_laboratory (0.014049676), operating_room (0.006698837)",34637
1616,38784,indoor,"clean_room (0.92631155), museum/indoor (0.04506148), chemistry_lab (0.0061905226), art_gallery (0.0043034703), operating_room (0.0042178314)",34637
1617,38808,indoor,"museum/indoor (0.45007133), clean_room (0.36896628), art_gallery (0.10202336), archive (0.024316706), nursing_home (0.012992405)",34637
1618,38832,indoor,"clean_room (0.92338353), chemistry_lab (0.049325213), physics_laboratory (0.012039974), biology_laboratory (0.0042262394), museum/indoor (0.0024218617)",34637
1619,38856,indoor,"clean_room (0.5427212), operating_room (0.35840428), museum/indoor (0.03112954), nursery (0.016677992), hospital_room (0.014267578)",34637
1620,38880,indoor,"museum/indoor (0.29420924), clean_room (0.27351177), operating_room (0.23994482), nursery (0.07671731), art_gallery (0.025522012)",34637
1621,38904,indoor,"clean_room (0.40992042), museum/indoor (0.18006705), nursery (0.15758824), operating_room (0.12880403), boxing_ring (0.02985793)",34637
1622,38928,indoor,"clean_room (0.5151497), operating_room (0.25798258), museum/indoor (0.060843404), art_gallery (0.036239002), discotheque (0.013187303)",34637
1623,38952,indoor,"clean_room (0.14699343), dining_room (0.10472397), reception (0.096808866), dressing_room (0.07986957), office (0.07818169)",34637
1624,38976,indoor,"reception (0.21615413), jewelry_shop (0.14982285), clean_room (0.14000417), office (0.10706478), beauty_salon (0.04194221)",34637
1625,39000,indoor,"reception (0.20312944), office (0.20164807), music_studio (0.11762455), home_office (0.093754135), jewelry_shop (0.06875821)",34637
1626,39024,indoor,"reception (0.23042037), office (0.1746403), music_studio (0.10110856), home_office (0.06602964), jewelry_shop (0.064458236)",34637
1627,39048,indoor,"burial_chamber (0.24679147), archive (0.19557361), classroom (0.13113748), igloo (0.11629233), bowling_alley (0.060682647)",34637
1628,39072,indoor,"patio (0.11448868), archive (0.07643253), amphitheater (0.06438374), drugstore (0.05641035), burial_chamber (0.052248873)",34637
1629,39096,indoor,"igloo (0.97361314), drugstore (0.004808573), pharmacy (0.0040507754), archive (0.0023888056), bowling_alley (0.0020559637)",34637
1630,39120,indoor,"igloo (0.96478635), archive (0.007828987), bowling_alley (0.0056204526), drugstore (0.0030062003), pharmacy (0.0017873211)",34637
1631,39144,outdoor,"igloo (0.9735128), kennel/outdoor (0.004864149), archive (0.0024128163), patio (0.0022296607), pet_shop (0.0011695444)",34637
1632,39168,indoor,"igloo (0.7703917), archive (0.044821095), jail_cell (0.022860393), museum/indoor (0.020582743), kennel/outdoor (0.017720673)",34637
1633,39192,indoor,"jail_cell (0.41564727), igloo (0.15360494), archive (0.083118156), bathroom (0.07927654), shower (0.050135147)",34637
1634,39216,indoor,"artists_loft (0.22381441), art_gallery (0.20231347), clean_room (0.16447341), museum/indoor (0.10541979), dressing_room (0.076209895)",34637
1635,39240,indoor,"artists_loft (0.25926256), art_gallery (0.16562796), clean_room (0.14314671), museum/indoor (0.11733977), dressing_room (0.08376088)",34637
1636,39264,indoor,"artists_loft (0.2532823), art_gallery (0.16641848), clean_room (0.15714513), dressing_room (0.09164009), shower (0.06326456)",34637
1637,39288,indoor,"artists_loft (0.2784045), dressing_room (0.19967805), clean_room (0.18559484), art_gallery (0.126031), museum/indoor (0.07398136)",34637
1638,39312,indoor,"clean_room (0.2703467), artists_loft (0.21909405), dressing_room (0.20366147), art_gallery (0.10281137), museum/indoor (0.056097623)",34637
1639,39336,indoor,"clean_room (0.32089844), dressing_room (0.28294945), artists_loft (0.11868092), art_gallery (0.06587363), beauty_salon (0.05432028)",34637
1640,39360,indoor,"clean_room (0.40755874), artists_loft (0.14505495), art_gallery (0.14383899), museum/indoor (0.14056204), dressing_room (0.048057184)",34637
1641,39384,indoor,"art_gallery (0.22423725), clean_room (0.22140384), artists_loft (0.17617393), museum/indoor (0.12836951), shower (0.09409025)",34637
1642,39408,indoor,"clean_room (0.4512479), artists_loft (0.13496147), art_gallery (0.08007948), dressing_room (0.07229226), beauty_salon (0.05898539)",34637
1643,39432,indoor,"clean_room (0.56394506), artists_loft (0.14559181), museum/indoor (0.10795914), art_gallery (0.04025791), dressing_room (0.025449034)",34637
1644,39456,indoor,"clean_room (0.656433), gymnasium/indoor (0.051767055), beauty_salon (0.04858721), museum/indoor (0.045727372), engine_room (0.030905506)",34637
1645,39480,indoor,"clean_room (0.37320733), engine_room (0.21985072), physics_laboratory (0.05840272), chemistry_lab (0.04860474), archive (0.03757051)",34637
1646,39504,indoor,"clean_room (0.42859903), engine_room (0.10118522), chemistry_lab (0.09118866), operating_room (0.06110586), archive (0.05400875)",34637
1647,39528,indoor,"archive (0.21194047), chemistry_lab (0.16032639), engine_room (0.13380858), boxing_ring (0.13009915), assembly_line (0.057624277)",34637
1648,39552,indoor,"cafeteria (0.21042222), archive (0.19150393), chemistry_lab (0.17531973), dining_hall (0.07033985), restaurant (0.06396136)",34637
1649,39576,indoor,"archive (0.2833719), chemistry_lab (0.17956062), assembly_line (0.15532267), cafeteria (0.09668673), biology_laboratory (0.0612341)",34637
1650,39600,indoor,"archive (0.3771241), assembly_line (0.20485255), clean_room (0.0701345), chemistry_lab (0.038205035), auto_factory (0.037239056)",34637
1651,39624,indoor,"assembly_line (0.39270398), archive (0.30322728), auto_factory (0.11072605), clean_room (0.06786665), physics_laboratory (0.026948595)",34637
1652,39648,indoor,"archive (0.6789322), assembly_line (0.18315049), auto_factory (0.03353944), clean_room (0.025635293), hardware_store (0.012007403)",34637
1653,39672,indoor,"archive (0.5982626), assembly_line (0.17073816), auto_factory (0.044810507), clean_room (0.032526024), boxing_ring (0.024475884)",34637
1654,39696,indoor,"archive (0.29190767), assembly_line (0.13775468), chemistry_lab (0.09918275), clean_room (0.079115584), banquet_hall (0.04932528)",34637
1655,39720,indoor,"archive (0.50486344), assembly_line (0.11568473), chemistry_lab (0.08417343), clean_room (0.0636264), auto_factory (0.031081894)",34637
1656,39744,indoor,"archive (0.4443329), assembly_line (0.18969904), chemistry_lab (0.10738407), auto_factory (0.05781456), physics_laboratory (0.035564754)",34637
1657,39768,indoor,"archive (0.3815655), assembly_line (0.3240739), auto_factory (0.09360068), clean_room (0.05955355), chemistry_lab (0.031806752)",34637
1658,39792,indoor,"assembly_line (0.4238398), archive (0.32973218), auto_factory (0.08686487), clean_room (0.042788547), chemistry_lab (0.024053093)",34637
1659,39816,indoor,"assembly_line (0.7786989), auto_factory (0.09411063), archive (0.04786386), chemistry_lab (0.022156574), clean_room (0.019127356)",34637
1660,39840,indoor,"assembly_line (0.5053464), auto_factory (0.17175241), archive (0.16041161), clean_room (0.08761878), chemistry_lab (0.033643477)",34637
1661,39864,indoor,"archive (0.73347867), assembly_line (0.1199697), chemistry_lab (0.058690354), physics_laboratory (0.022407766), biology_laboratory (0.011918495)",34637
1662,39888,indoor,"archive (0.85951823), assembly_line (0.048904207), chemistry_lab (0.014961668), physics_laboratory (0.011414599), hardware_store (0.010403027)",34637
1663,39912,indoor,"archive (0.71512), chemistry_lab (0.06493429), assembly_line (0.05994008), physics_laboratory (0.023185404), kindergarden_classroom (0.016184956)",34637
1664,39936,indoor,"archive (0.5127024), chemistry_lab (0.14978917), assembly_line (0.10585278), hardware_store (0.038258336), physics_laboratory (0.037589014)",34637
1665,39960,indoor,"archive (0.8201162), kindergarden_classroom (0.05942222), chemistry_lab (0.028622737), classroom (0.023880504), dining_hall (0.013548148)",34637
1666,39984,indoor,"archive (0.8023835), kindergarden_classroom (0.039109055), chemistry_lab (0.03647333), classroom (0.02383879), assembly_line (0.02110379)",34637
1667,40008,indoor,"archive (0.5301659), kindergarden_classroom (0.18347396), classroom (0.049195632), clean_room (0.048005167), chemistry_lab (0.043508288)",34637
1668,40032,indoor,"archive (0.55484897), kindergarden_classroom (0.16632535), locker_room (0.06800884), classroom (0.050806396), clean_room (0.04805773)",34637
1669,40056,indoor,"kindergarden_classroom (0.57243013), archive (0.21880306), classroom (0.07332704), cafeteria (0.020450167), boxing_ring (0.0146766985)",34637
1670,40080,indoor,"kindergarden_classroom (0.29234588), cafeteria (0.15333298), candy_store (0.053584885), archive (0.049335953), food_court (0.045933567)",34637
1671,40104,indoor,"restaurant (0.14860524), bar (0.11640867), discotheque (0.092219986), chemistry_lab (0.08631376), bus_interior (0.06336821)",34637
1672,40128,indoor,"clean_room (0.7793342), archive (0.067542456), beauty_salon (0.017700445), chemistry_lab (0.010154395), library/indoor (0.010132437)",34637
1673,40152,indoor,"gymnasium/indoor (0.4317398), clean_room (0.2536739), engine_room (0.06715122), physics_laboratory (0.04704706), chemistry_lab (0.028952528)",34637
1674,40176,indoor,"clean_room (0.81972283), shower (0.07483171), bathroom (0.036359664), beauty_salon (0.012396865), gymnasium/indoor (0.0090853665)",34637
1675,40200,indoor,"clean_room (0.52992845), corridor (0.14438058), locker_room (0.044618644), bathroom (0.042032298), museum/indoor (0.03667222)",34637
1676,40224,indoor,"clean_room (0.97686416), operating_room (0.008479869), museum/indoor (0.0055875806), nursing_home (0.0029925338), archive (0.0015788431)",34637
1677,40248,indoor,"clean_room (0.9883702), operating_room (0.007031637), nursing_home (0.0014722717), archive (0.00078261376), hospital_room (0.0005536447)",34637
1678,40272,indoor,"clean_room (0.9561487), nursing_home (0.013724582), operating_room (0.009154549), archive (0.008757117), museum/indoor (0.004744152)",34637
1679,40296,indoor,"shower (0.28481057), dressing_room (0.17428394), clean_room (0.16890278), bathroom (0.11482513), airplane_cabin (0.06767883)",34637
1680,40320,indoor,"clean_room (0.88589203), operating_room (0.041411128), shower (0.032475144), bank_vault (0.0073036207), bathroom (0.0055040023)",34637
1681,40344,indoor,"staircase (0.52740043), clean_room (0.24453436), corridor (0.03483065), entrance_hall (0.028412955), shower (0.02521193)",34637
1682,40368,indoor,"shower (0.5277013), clean_room (0.23210454), bathroom (0.10319191), staircase (0.04365963), museum/indoor (0.015610748)",34637
1683,40392,indoor,"shower (0.689376), bathroom (0.14268893), clean_room (0.0978118), staircase (0.016974805), bank_vault (0.012669)",34637
1684,40416,indoor,"clean_room (0.5543241), chemistry_lab (0.11396559), physics_laboratory (0.103258856), biology_laboratory (0.05680323), bathroom (0.024758313)",34637
1685,40440,indoor,"shower (0.2997309), museum/indoor (0.20843527), bank_vault (0.09155305), clean_room (0.081265904), science_museum (0.080367774)",34637
1686,40464,indoor,"attic (0.27824154), alcove (0.16980688), basement (0.15162972), bow_window/indoor (0.08306682), shower (0.06270993)",34637
1687,40488,indoor,"shower (0.58304864), bathroom (0.070167534), server_room (0.066555925), bank_vault (0.06398076), closet (0.042947814)",34637
1688,40512,indoor,"shower (0.5575764), chemistry_lab (0.04727696), ocean (0.039428324), bathroom (0.027803533), tower (0.021297755)",34637
1689,40536,indoor,"shower (0.5058318), bank_vault (0.056066293), art_gallery (0.049700268), museum/indoor (0.04933234), tower (0.036109507)",34637
1690,40560,indoor,"shower (0.39873782), museum/indoor (0.07485069), bank_vault (0.061017588), art_gallery (0.033135764), tower (0.029744687)",34637
1691,40584,indoor,"shower (0.3769681), museum/indoor (0.14900556), bank_vault (0.0636516), art_gallery (0.06289107), natural_history_museum (0.05335043)",34637
1692,40608,indoor,"museum/indoor (0.6208171), art_gallery (0.13014467), shower (0.057523698), archive (0.022610718), clean_room (0.01913707)",34637
1693,40632,indoor,"art_gallery (0.23861985), museum/indoor (0.23216853), natural_history_museum (0.07455547), archive (0.028304381), field/wild (0.021782663)",34637
1694,40656,indoor,"art_gallery (0.20083475), museum/indoor (0.19358946), natural_history_museum (0.045689203), pond (0.04371197), ice_floe (0.030905839)",34637
1695,40680,indoor,"museum/indoor (0.11161657), field/wild (0.089279704), natural_history_museum (0.084809124), pond (0.07108058), art_gallery (0.053030428)",34637
1696,40704,indoor,"museum/indoor (0.46769786), art_gallery (0.100830756), desert/sand (0.04427622), field/wild (0.03550913), natural_history_museum (0.032077838)",34637
1697,40728,indoor,"museum/indoor (0.67781365), art_gallery (0.12997536), stage/indoor (0.028202062), natural_history_museum (0.027452303), science_museum (0.017016837)",34637
1698,40752,indoor,"museum/indoor (0.7135533), clean_room (0.07567554), art_gallery (0.06659162), science_museum (0.02266042), archive (0.021566417)",34637
1699,40776,indoor,"museum/indoor (0.84583545), art_gallery (0.04850644), natural_history_museum (0.02170137), science_museum (0.01775347), archive (0.010994792)",34637
1700,40800,indoor,"museum/indoor (0.85828376), art_gallery (0.055310078), natural_history_museum (0.04884837), science_museum (0.011610817), archive (0.0056756632)",34637
1701,40824,indoor,"museum/indoor (0.9504333), art_gallery (0.023952363), natural_history_museum (0.00682244), television_studio (0.0039884835), archive (0.003981278)",34637
1702,40848,indoor,"museum/indoor (0.92929506), art_gallery (0.047253214), natural_history_museum (0.0045912494), art_studio (0.003768136), science_museum (0.0037279422)",34637
1703,40872,indoor,"museum/indoor (0.75121087), clean_room (0.08728416), archive (0.03466184), art_gallery (0.025528785), science_museum (0.015348423)",34637
1704,40896,indoor,"clean_room (0.41283485), archive (0.048688505), operating_room (0.03648639), chemistry_lab (0.034557503), conference_room (0.032702588)",34637
1705,40920,indoor,"clean_room (0.32223216), office (0.09372018), art_gallery (0.07968575), conference_room (0.054063637), museum/indoor (0.04586475)",34637
1706,40944,indoor,"conference_room (0.7656219), office (0.06845142), dining_room (0.027568892), conference_center (0.02593365), dining_hall (0.022329822)",34637
1707,40968,indoor,"conference_room (0.59330344), office (0.1684663), dining_room (0.054625235), reception (0.040019408), home_office (0.016754638)",34637
1708,40992,indoor,"conference_room (0.64008373), clean_room (0.09248952), office (0.03723798), conference_center (0.03184612), banquet_hall (0.017866638)",34637
1709,41016,indoor,"clean_room (0.35640773), music_studio (0.09927742), conference_room (0.09675881), jewelry_shop (0.054141432), office (0.045246482)",34637
1710,41040,indoor,"clean_room (0.1843987), jewelry_shop (0.13597511), conference_room (0.07387215), office (0.05687215), archive (0.05320106)",34637
1711,41064,indoor,"clean_room (0.46036384), archive (0.06993013), office (0.06598518), dressing_room (0.058697082), locker_room (0.030110082)",34637
1712,41088,indoor,"museum/indoor (0.81437737), dressing_room (0.07478098), art_gallery (0.060558446), clean_room (0.02315383), natural_history_museum (0.0041645006)",34637
1713,41112,indoor,"museum/indoor (0.8694871), art_gallery (0.06294526), dressing_room (0.04055785), clean_room (0.008621992), art_studio (0.0030967942)",34637
1714,41136,indoor,"museum/indoor (0.8804522), art_gallery (0.059054732), dressing_room (0.028510414), clean_room (0.018491987), art_studio (0.0022234072)",34637
1715,41160,indoor,"museum/indoor (0.8635803), art_gallery (0.11872241), dressing_room (0.008924984), natural_history_museum (0.0018085197), clean_room (0.0014173414)",34637
1716,41184,indoor,"museum/indoor (0.6289184), art_gallery (0.3031943), clean_room (0.03287647), dressing_room (0.011598985), science_museum (0.0069855065)",34637
1717,41208,indoor,"museum/indoor (0.83419704), art_gallery (0.109832145), clean_room (0.036777236), dressing_room (0.009892654), science_museum (0.0017949494)",34637
1718,41232,indoor,"museum/indoor (0.781725), art_gallery (0.09817861), clean_room (0.092030995), dressing_room (0.021211524), science_museum (0.0010859175)",34637
1719,41256,indoor,"museum/indoor (0.8276347), dressing_room (0.09194433), art_gallery (0.041896526), clean_room (0.016700257), locker_room (0.0038088316)",34637
1720,41280,indoor,"museum/indoor (0.8927722), art_gallery (0.08632014), dressing_room (0.013035712), clean_room (0.002910514), art_studio (0.0012660341)",34637
1721,41304,indoor,"locker_room (0.5021581), dressing_room (0.37177157), clean_room (0.04692747), elevator/door (0.018582163), museum/indoor (0.010227449)",34637
1722,41328,indoor,"locker_room (0.595863), dressing_room (0.29034865), clean_room (0.043605555), elevator/door (0.015469326), bathroom (0.008620468)",34637
1723,41352,indoor,"dressing_room (0.21051855), archive (0.1299167), music_studio (0.12449163), clean_room (0.1016419), office (0.091161706)",34637
1724,41376,indoor,"television_studio (0.18902695), office (0.14156735), museum/indoor (0.10372837), archive (0.0854019), music_studio (0.0849228)",34637
1725,41400,indoor,"museum/indoor (0.20921862), archive (0.15582304), dressing_room (0.15488625), television_studio (0.11429563), office (0.08792381)",34637
1726,41424,indoor,"television_studio (0.4850606), music_studio (0.10189564), museum/indoor (0.09664202), stage/indoor (0.06750491), physics_laboratory (0.039454237)",34637
1727,41448,indoor,"museum/indoor (0.37311646), television_studio (0.29664773), music_studio (0.06374729), archive (0.04523706), clean_room (0.029682526)",34637
1728,41472,indoor,"museum/indoor (0.36667973), television_studio (0.19829316), music_studio (0.08332096), clean_room (0.05629982), physics_laboratory (0.051444445)",34637
1729,41496,indoor,"museum/indoor (0.37209514), television_studio (0.26697284), archive (0.084025316), music_studio (0.08020719), physics_laboratory (0.045172125)",34637
1730,41520,indoor,"museum/indoor (0.42346677), television_studio (0.1480083), music_studio (0.11265131), archive (0.04903232), physics_laboratory (0.048223276)",34637
1731,41544,indoor,"museum/indoor (0.44036385), television_studio (0.122372), music_studio (0.07895636), physics_laboratory (0.07855161), archive (0.05593005)",34637
1732,41568,indoor,"museum/indoor (0.28377447), television_studio (0.260853), music_studio (0.08942671), physics_laboratory (0.082763314), stage/indoor (0.054533824)",34637
1733,41592,indoor,"museum/indoor (0.17226115), television_studio (0.16327363), music_studio (0.09970452), clean_room (0.0989222), physics_laboratory (0.09758425)",34637
1734,41616,indoor,"physics_laboratory (0.17461696), museum/indoor (0.16032864), archive (0.15309231), television_studio (0.11885015), music_studio (0.10582311)",34637
1735,41640,indoor,"museum/indoor (0.17088073), physics_laboratory (0.15650675), television_studio (0.15397017), archive (0.116444215), music_studio (0.08761952)",34637
1736,41664,indoor,"museum/indoor (0.2750111), archive (0.1912794), physics_laboratory (0.14086986), clean_room (0.07527718), television_studio (0.07139394)",34637
1737,41688,indoor,"museum/indoor (0.6203112), television_studio (0.06214383), physics_laboratory (0.045592133), stage/indoor (0.04346439), archive (0.04319657)",34637
1738,41712,indoor,"museum/indoor (0.62714493), stage/indoor (0.06529717), television_studio (0.05703479), physics_laboratory (0.05284352), music_studio (0.04495009)",34637
1739,41736,indoor,"museum/indoor (0.41699478), television_studio (0.08970042), stage/indoor (0.0772168), music_studio (0.07628525), physics_laboratory (0.06068983)",34637
1740,41760,indoor,"museum/indoor (0.37580445), stage/indoor (0.14934504), television_studio (0.083942525), music_studio (0.06942673), physics_laboratory (0.055579424)",34637
1741,41784,indoor,"locker_room (0.70872873), dressing_room (0.19234538), elevator/door (0.036616262), elevator_lobby (0.011607636), clean_room (0.008159074)",34637
1742,41808,indoor,"locker_room (0.5921094), dressing_room (0.23930089), elevator/door (0.042808935), clean_room (0.023479339), elevator_lobby (0.01624023)",34637
1743,41832,indoor,"locker_room (0.77899396), dressing_room (0.15281361), elevator/door (0.017797181), clean_room (0.016668852), elevator_lobby (0.0057558897)",34637
1744,41856,indoor,"locker_room (0.6795763), dressing_room (0.17128846), clean_room (0.043351274), elevator/door (0.02862785), museum/indoor (0.012724106)",34637
1745,41880,indoor,"locker_room (0.53302956), dressing_room (0.27672386), clean_room (0.06583377), museum/indoor (0.024737578), elevator/door (0.02149263)",34637
1746,41904,indoor,"locker_room (0.6175386), dressing_room (0.2421445), clean_room (0.041463908), elevator/door (0.038160764), elevator_lobby (0.011266539)",34637
1747,41928,indoor,"museum/indoor (0.2505796), art_gallery (0.20733878), discotheque (0.0695376), airplane_cabin (0.049071416), science_museum (0.03894168)",34637
1748,41952,indoor,"art_gallery (0.30298394), museum/indoor (0.10656367), dressing_room (0.10010558), airplane_cabin (0.09320638), clean_room (0.08239481)",34637
1749,41976,indoor,"art_gallery (0.2784401), museum/indoor (0.23183699), clean_room (0.091828115), airplane_cabin (0.053004865), discotheque (0.036025316)",34637
1750,42000,indoor,"clean_room (0.26250616), museum/indoor (0.22624634), art_gallery (0.21350537), science_museum (0.037435085), dressing_room (0.02779054)",34637
1751,42024,indoor,"museum/indoor (0.37451214), television_studio (0.10811582), stage/indoor (0.10043126), physics_laboratory (0.086888), music_studio (0.05556172)",34637
1752,42048,indoor,"museum/indoor (0.50359017), stage/indoor (0.11638413), television_studio (0.07000174), music_studio (0.06038804), physics_laboratory (0.03833994)",34637
1753,42072,indoor,"museum/indoor (0.34409377), television_studio (0.10818009), archive (0.09063342), music_studio (0.06949118), clean_room (0.05899907)",34637
1754,42096,indoor,"museum/indoor (0.313358), music_studio (0.10894966), television_studio (0.09868461), stage/indoor (0.08306907), physics_laboratory (0.050370097)",34637
1755,42120,indoor,"museum/indoor (0.2563269), television_studio (0.1894132), music_studio (0.12347718), physics_laboratory (0.11218274), stage/indoor (0.050494704)",34637
1756,42144,indoor,"television_studio (0.17106102), physics_laboratory (0.14152423), archive (0.11997713), music_studio (0.118499205), museum/indoor (0.10638512)",34637
1757,42168,indoor,"museum/indoor (0.20435165), archive (0.11247442), physics_laboratory (0.10806218), television_studio (0.102895565), music_studio (0.095963836)",34637
1758,42192,indoor,"archive (0.2968279), physics_laboratory (0.1719462), museum/indoor (0.120771304), television_studio (0.07335636), office (0.06850253)",34637
1759,42216,indoor,"archive (0.19786482), physics_laboratory (0.1641526), museum/indoor (0.13597324), television_studio (0.12753786), office (0.12109176)",34637
1760,42240,indoor,"television_studio (0.39062253), museum/indoor (0.12407726), music_studio (0.11742851), physics_laboratory (0.08621778), archive (0.06284495)",34637
1761,42264,indoor,"television_studio (0.24492063), physics_laboratory (0.18380289), office (0.13667788), music_studio (0.10928455), dressing_room (0.07395282)",34637
1762,42288,indoor,"television_studio (0.37752682), music_studio (0.13809574), physics_laboratory (0.10150915), office (0.07072672), dressing_room (0.06377884)",34637
1763,42312,indoor,"television_studio (0.31174546), physics_laboratory (0.15542023), music_studio (0.12077515), office (0.084896386), archive (0.07057017)",34637
1764,42336,indoor,"physics_laboratory (0.17202461), office (0.16800456), television_studio (0.14085785), music_studio (0.10682116), home_office (0.084006645)",34637
1765,42360,indoor,"office (0.21873865), physics_laboratory (0.19243972), television_studio (0.12569852), music_studio (0.09653157), home_office (0.07534122)",34637
1766,42384,indoor,"office (0.23546378), physics_laboratory (0.2104208), music_studio (0.11183371), home_office (0.09307183), television_studio (0.07373712)",34637
1767,42408,indoor,"office (0.254147), physics_laboratory (0.15332294), home_office (0.12727392), music_studio (0.082746), television_studio (0.065439)",34637
1768,42432,indoor,"physics_laboratory (0.26374176), office (0.21675283), television_studio (0.08085523), home_office (0.07536357), music_studio (0.06895452)",34637
1769,42456,indoor,"physics_laboratory (0.22394548), office (0.20052129), television_studio (0.18646698), music_studio (0.06462498), computer_room (0.055726048)",34637
1770,42480,indoor,"television_studio (0.19537374), office (0.1944258), physics_laboratory (0.18240365), archive (0.08636615), computer_room (0.07658611)",34637
1771,42504,indoor,"physics_laboratory (0.2096163), office (0.20957692), television_studio (0.1335118), computer_room (0.076323576), home_office (0.070488274)",34637
1772,42528,indoor,"television_studio (0.30096063), office (0.15460214), physics_laboratory (0.13212843), archive (0.081025235), computer_room (0.07449099)",34637
1773,42552,indoor,"television_studio (0.24947838), physics_laboratory (0.17385134), office (0.15504846), archive (0.09269613), music_studio (0.07842583)",34637
1774,42576,indoor,"office (0.25866795), television_studio (0.17727178), physics_laboratory (0.09594923), home_office (0.07630265), computer_room (0.06807019)",34637
1775,42600,indoor,"office (0.40783674), home_office (0.14273201), computer_room (0.08051817), physics_laboratory (0.063124985), music_studio (0.05628004)",34637
1776,42624,indoor,"museum/indoor (0.49812266), archive (0.075091176), television_studio (0.07109042), office (0.06908125), music_studio (0.06074479)",34637
1777,42648,indoor,"music_studio (0.35535118), television_studio (0.28518432), museum/indoor (0.27497905), physics_laboratory (0.02413746), archive (0.008111805)",34637
1778,42672,indoor,"museum/indoor (0.376575), television_studio (0.26245406), music_studio (0.2575391), physics_laboratory (0.027743565), archive (0.0092878)",34637
1779,42696,indoor,"music_studio (0.37110668), television_studio (0.3506722), museum/indoor (0.13102274), physics_laboratory (0.030418048), office (0.021850623)",34637
1780,42720,indoor,"music_studio (0.36310476), television_studio (0.2891455), museum/indoor (0.24035878), physics_laboratory (0.016335344), stage/indoor (0.011641636)",34637
1781,42744,indoor,"television_studio (0.32706442), music_studio (0.32610703), museum/indoor (0.24865879), physics_laboratory (0.030338548), office (0.011414994)",34637
1782,42768,indoor,"television_studio (0.39320177), music_studio (0.3701243), museum/indoor (0.16357732), stage/indoor (0.017136192), physics_laboratory (0.00992096)",34637
1783,42792,indoor,"television_studio (0.49633393), music_studio (0.3368332), museum/indoor (0.09974905), stage/indoor (0.01634314), physics_laboratory (0.008339955)",34637
1784,42816,indoor,"chemistry_lab (0.17080773), archive (0.16611633), bar (0.069244355), classroom (0.050817367), museum/indoor (0.04186684)",34637
1785,42840,indoor,"archive (0.15839718), clean_room (0.10176411), chemistry_lab (0.08553403), classroom (0.07469095), museum/indoor (0.06658843)",34637
1786,42864,indoor,"chemistry_lab (0.17985989), archive (0.13540177), clean_room (0.086554796), classroom (0.06462103), bar (0.052315265)",34637
1787,42888,indoor,"archive (0.16997385), chemistry_lab (0.143358), clean_room (0.10857017), classroom (0.06983854), museum/indoor (0.050362047)",34637
1788,42912,indoor,"museum/indoor (0.84970397), archive (0.06763621), clean_room (0.029704085), art_gallery (0.021871401), natural_history_museum (0.0063709533)",34637
1789,42936,indoor,"museum/indoor (0.72687817), archive (0.11140428), clean_room (0.040635407), art_gallery (0.034922674), natural_history_museum (0.012002219)",34637
1790,42960,indoor,"chemistry_lab (0.19682346), bar (0.095160365), coffee_shop (0.07552296), restaurant (0.06875886), clean_room (0.054771192)",34637
1791,42984,indoor,"chemistry_lab (0.28966677), archive (0.09886527), bar (0.08479297), physics_laboratory (0.05645242), clean_room (0.045926355)",34637
1792,43008,indoor,"chemistry_lab (0.3148015), physics_laboratory (0.06987332), archive (0.069644), clean_room (0.067731224), bar (0.048678033)",34637
1793,43032,indoor,"museum/indoor (0.7383148), television_studio (0.13308862), music_studio (0.03993546), archive (0.012432446), physics_laboratory (0.011785675)",34637
1794,43056,indoor,"museum/indoor (0.5573493), television_studio (0.2945532), music_studio (0.074702546), archive (0.009426305), physics_laboratory (0.0074922903)",34637
1795,43080,indoor,"museum/indoor (0.49706775), television_studio (0.29007033), music_studio (0.10001511), physics_laboratory (0.023396768), archive (0.01693474)",34637
1796,43104,indoor,"museum/indoor (0.5370415), television_studio (0.24117458), music_studio (0.08115114), archive (0.027279692), physics_laboratory (0.020808907)",34637
1797,43128,indoor,"discotheque (0.5458658), stage/indoor (0.20579797), clean_room (0.07417501), museum/indoor (0.058575723), nursery (0.02404697)",34637
1798,43152,indoor,"discotheque (0.62319684), stage/indoor (0.10564023), clean_room (0.102449514), nursery (0.04887567), museum/indoor (0.028673561)",34637
1799,43176,indoor,"discotheque (0.6023148), stage/indoor (0.14252329), clean_room (0.08707839), nursery (0.041484438), museum/indoor (0.028369846)",34637
1800,43200,indoor,"discotheque (0.8613088), stage/indoor (0.062687755), nursery (0.026316563), clean_room (0.013183913), dressing_room (0.0031792885)",34637
1801,43224,indoor,"discotheque (0.66889405), clean_room (0.09139328), stage/indoor (0.06727861), nursery (0.062271275), museum/indoor (0.019190867)",34637
1802,43248,indoor,"discotheque (0.7990178), stage/indoor (0.05613689), nursery (0.04353555), clean_room (0.032547094), hospital_room (0.0074495603)",34637
1803,43272,indoor,"discotheque (0.67919034), stage/indoor (0.08353941), clean_room (0.07387571), nursery (0.049742613), museum/indoor (0.02068268)",34637
1804,43296,indoor,"discotheque (0.53628093), clean_room (0.21744385), stage/indoor (0.044625446), nursery (0.041617475), operating_room (0.031309325)",34637
1805,43320,indoor,"discotheque (0.42677954), stage/indoor (0.18826687), clean_room (0.09730841), boxing_ring (0.07441226), museum/indoor (0.06546193)",34637
1806,43344,indoor,"clean_room (0.3557632), museum/indoor (0.22638714), discotheque (0.09574159), nursery (0.05351959), operating_room (0.051258318)",34637
1807,43368,indoor,"discotheque (0.46918592), stage/indoor (0.24265905), boxing_ring (0.09390791), museum/indoor (0.04420106), clean_room (0.04103037)",34637
1808,43392,indoor,"discotheque (0.31680405), clean_room (0.25647548), stage/indoor (0.14670435), museum/indoor (0.11378524), boxing_ring (0.028762117)",34637
1809,43416,indoor,"discotheque (0.2740458), museum/indoor (0.19177093), clean_room (0.16904095), stage/indoor (0.11478905), boxing_ring (0.05596447)",34637
1810,43440,indoor,"discotheque (0.3215981), stage/indoor (0.1814079), museum/indoor (0.17143984), clean_room (0.08899178), boxing_ring (0.06699373)",34637
1811,43464,indoor,"clean_room (0.2820618), discotheque (0.26662296), museum/indoor (0.10501853), stage/indoor (0.08318526), nursery (0.065311044)",34637
1812,43488,indoor,"clean_room (0.3754507), discotheque (0.17039278), museum/indoor (0.16929007), stage/indoor (0.08259033), boxing_ring (0.030322267)",34637
1813,43512,indoor,"discotheque (0.3097723), stage/indoor (0.22205311), clean_room (0.20432779), museum/indoor (0.09328198), boxing_ring (0.027657537)",34637
1814,43536,indoor,"nursery (0.655464), clean_room (0.068479754), banquet_hall (0.04299107), dining_room (0.03020706), archive (0.02493489)",34637
1815,43560,indoor,"nursery (0.24759676), reception (0.11811465), office (0.111039), clean_room (0.10240041), archive (0.06136637)",34637
1816,43584,indoor,"nursery (0.35900113), clean_room (0.21903378), reception (0.14440598), office (0.036371246), archive (0.03278392)",34637
1817,43608,indoor,"clean_room (0.46740097), nursery (0.24006544), reception (0.060548536), archive (0.031813983), office (0.029748898)",34637
1818,43632,indoor,"clean_room (0.57912827), nursery (0.20145808), archive (0.03754693), operating_room (0.02054691), reception (0.017960422)",34637
1819,43656,indoor,"clean_room (0.50283355), nursery (0.17010225), archive (0.07973726), reception (0.033610154), operating_room (0.022124814)",34637
1820,43680,indoor,"nursery (0.42754376), clean_room (0.26326293), reception (0.05592366), archive (0.028562278), shower (0.017345065)",34637
1821,43704,indoor,"nursery (0.49889), clean_room (0.28303546), archive (0.044621054), reception (0.027567208), office (0.016287938)",34637
1822,43728,indoor,"nursery (0.45352083), banquet_hall (0.114032574), clean_room (0.052567955), museum/indoor (0.035356853), reception (0.0330646)",34637
1823,43752,indoor,"clean_room (0.30176726), nursery (0.27983853), dressing_room (0.0903108), jewelry_shop (0.039893437), bathroom (0.032214545)",34637
1824,43776,indoor,"clean_room (0.43917418), hospital_room (0.15911736), operating_room (0.08622594), banquet_hall (0.061668172), restaurant (0.059939012)",34637
1825,43800,indoor,"clean_room (0.67086107), ice_cream_parlor (0.07109338), biology_laboratory (0.03339046), chemistry_lab (0.027349222), dressing_room (0.025093948)",34637
1826,43824,indoor,"discotheque (0.2653629), clean_room (0.15620886), dressing_room (0.1539379), ballroom (0.06146296), stage/indoor (0.05224922)",34637
1827,43848,indoor,"discotheque (0.6204889), clean_room (0.111459926), chemistry_lab (0.068872765), shower (0.0464417), bathroom (0.0258577)",34637
1828,43872,indoor,"dressing_room (0.90874344), clean_room (0.044074383), locker_room (0.020387962), bathroom (0.010515843), shower (0.006384315)",34637
1829,43896,indoor,"shower (0.43209025), clean_room (0.37606514), bathroom (0.12238225), dressing_room (0.049916435), locker_room (0.011405773)",34637
1830,43920,indoor,"clean_room (0.48839402), museum/indoor (0.3534055), chemistry_lab (0.104216695), physics_laboratory (0.017687658), stage/indoor (0.007594428)",34637
1831,43944,indoor,"clean_room (0.8316036), chemistry_lab (0.11687402), physics_laboratory (0.020185845), museum/indoor (0.014135034), operating_room (0.005377635)",34637
1832,43968,indoor,"clean_room (0.7708209), museum/indoor (0.14956033), operating_room (0.016003568), archive (0.011884238), art_gallery (0.010279919)",34637
1833,43992,indoor,"clean_room (0.17931637), staircase (0.16901244), shower (0.13841194), lobby (0.074725956), entrance_hall (0.045779996)",34637
1834,44016,indoor,"clean_room (0.6993833), shower (0.0873612), museum/indoor (0.0530019), bathroom (0.042844668), dressing_room (0.033756793)",34637
1835,44040,indoor,"clean_room (0.9616225), locker_room (0.00844525), shower (0.005442548), bank_vault (0.0030114662), bathroom (0.0026215136)",34637
1836,44064,indoor,"staircase (0.48357007), escalator/indoor (0.17287731), shower (0.06883296), clean_room (0.05627807), science_museum (0.028014807)",34637
1837,44088,indoor,"staircase (0.7320102), escalator/indoor (0.1556518), playground (0.029098848), discotheque (0.016402872), shower (0.016126461)",34637
1838,44112,indoor,"staircase (0.7090841), escalator/indoor (0.27245542), discotheque (0.002453997), rope_bridge (0.0022446157), bridge (0.0016651736)",34637
1839,44136,indoor,"staircase (0.895902), escalator/indoor (0.08411137), entrance_hall (0.0031378695), corridor (0.0029062927), discotheque (0.002720538)",34637
1840,44160,indoor,"staircase (0.8427999), escalator/indoor (0.14008203), entrance_hall (0.0031205968), corridor (0.0030737491), atrium/public (0.0013165125)",34637
1841,44184,indoor,"elevator/door (0.6285649), bow_window/indoor (0.11996028), closet (0.117246576), elevator_lobby (0.06309892), corridor (0.023257513)",34637
1842,44208,indoor,"closet (0.64604026), bow_window/indoor (0.22479399), elevator/door (0.04691438), locker_room (0.012419064), corridor (0.009738078)",34637
1843,44232,indoor,"bow_window/indoor (0.58086765), elevator/door (0.09063667), conference_room (0.03641804), shower (0.03621161), office (0.026461493)",34637
1844,44256,indoor,"bow_window/indoor (0.5183535), elevator/door (0.13497633), shower (0.060735695), conference_room (0.029011808), bathroom (0.02900344)",34637
1845,44280,indoor,"staircase (0.5920609), escalator/indoor (0.19216838), shower (0.037178483), corridor (0.03681893), elevator_lobby (0.019101702)",34637
1846,44304,indoor,"staircase (0.71735287), escalator/indoor (0.14865023), shower (0.04445422), corridor (0.018063784), basement (0.009409034)",34637
1847,44328,indoor,"staircase (0.8219902), escalator/indoor (0.094191894), discotheque (0.025307538), shower (0.019855913), stage/indoor (0.013023665)",34637
1848,44352,indoor,"discotheque (0.88668317), stage/indoor (0.031049564), shower (0.023998758), clean_room (0.018734114), music_studio (0.009420536)",34637
1849,44376,indoor,"discotheque (0.5408245), clean_room (0.21201946), stage/indoor (0.061325736), dressing_room (0.05703902), art_gallery (0.014190865)",34637
1850,44400,indoor,"clean_room (0.6475428), shower (0.26042733), dressing_room (0.021977969), bathroom (0.021250015), locker_room (0.014859582)",34637
1851,44424,indoor,"staircase (0.8754474), entrance_hall (0.051562734), corridor (0.014119796), clean_room (0.009011833), escalator/indoor (0.004684719)",34637
1852,44448,indoor,"shower (0.39337024), bow_window/indoor (0.1024519), locker_room (0.097624816), bathroom (0.09587052), dressing_room (0.066825345)",34637
1853,44472,indoor,"bow_window/indoor (0.2343053), shower (0.19791715), elevator/door (0.18432203), locker_room (0.09226016), jail_cell (0.057810303)",34637
1854,44496,indoor,"bow_window/indoor (0.843315), office (0.054490194), dressing_room (0.04556896), shower (0.01336643), jail_cell (0.0048154495)",34637
1855,44520,indoor,"staircase (0.9590586), entrance_hall (0.022162711), corridor (0.0046700495), basement (0.002005436), elevator/door (0.0019345165)",34637
1856,44544,indoor,"staircase (0.8114703), corridor (0.036375135), clean_room (0.03573617), elevator/door (0.028134381), dressing_room (0.019626752)",34637
1857,44568,indoor,"staircase (0.73318726), clean_room (0.12634479), corridor (0.06162229), entrance_hall (0.022419699), dressing_room (0.015568121)",34637
1858,44592,indoor,"staircase (0.35844657), clean_room (0.29470927), corridor (0.16640341), entrance_hall (0.024150776), nursery (0.015988817)",34637
1859,44616,indoor,"clean_room (0.7764989), museum/indoor (0.031412862), shower (0.02753739), corridor (0.022380043), art_gallery (0.014845557)",34637
1860,44640,indoor,"clean_room (0.8772275), corridor (0.01964045), escalator/indoor (0.013622891), locker_room (0.012729352), clothing_store (0.0071718623)",34637
1861,44664,indoor,"clean_room (0.44528398), stage/indoor (0.11725624), shower (0.07276164), discotheque (0.046346005), staircase (0.04358104)",34637
1862,44688,indoor,"clean_room (0.5117947), stage/indoor (0.08543475), staircase (0.07985867), discotheque (0.058319252), shower (0.05375773)",34637
1863,44712,indoor,"staircase (0.75744295), escalator/indoor (0.07271754), stage/indoor (0.036821138), discotheque (0.029614845), shower (0.020903599)",34637
1864,44736,indoor,"staircase (0.78691226), clean_room (0.054878693), stage/indoor (0.031158142), escalator/indoor (0.022231903), entrance_hall (0.019101543)",34637
1865,44760,indoor,"staircase (0.762024), clean_room (0.039621055), entrance_hall (0.028711144), escalator/indoor (0.017352121), basement (0.013990159)",34637
1866,44784,indoor,"shower (0.47201297), dressing_room (0.23060833), bathroom (0.08115807), clean_room (0.0771359), beauty_salon (0.014535805)",34637
1867,44808,indoor,"dressing_room (0.6409371), clean_room (0.21820639), shower (0.036759596), nursery (0.02852525), museum/indoor (0.020227045)",34637
1868,44832,indoor,"staircase (0.6763004), clean_room (0.105523154), museum/indoor (0.03785655), art_gallery (0.022735154), elevator/door (0.020244045)",34637
1869,44856,indoor,"museum/indoor (0.46316063), clean_room (0.25080514), staircase (0.08011728), art_gallery (0.033956837), elevator/door (0.023408206)",34637
1870,44880,indoor,"museum/indoor (0.3622456), clean_room (0.17559586), staircase (0.15075591), art_gallery (0.089867264), archive (0.06477541)",34637
1871,44904,indoor,"clean_room (0.6156992), museum/indoor (0.13126317), staircase (0.050794017), art_gallery (0.030490031), shower (0.029287936)",34637
1872,44928,indoor,"staircase (0.36680195), clean_room (0.16487758), museum/indoor (0.15645991), art_gallery (0.05032632), nursery (0.034828857)",34637
1873,44952,indoor,"clean_room (0.6755035), stage/indoor (0.13508177), museum/indoor (0.0642654), music_studio (0.032069128), discotheque (0.026985478)",34637
1874,44976,indoor,"discotheque (0.41572747), clean_room (0.16845515), corridor (0.07630987), shower (0.05851031), staircase (0.035261124)",34637
1875,45000,indoor,"escalator/indoor (0.38921458), staircase (0.38345343), discotheque (0.08587704), stage/indoor (0.020828793), shower (0.019087417)",34637
1876,45024,indoor,"staircase (0.9208487), escalator/indoor (0.04999251), corridor (0.004982563), entrance_hall (0.003902013), basement (0.0024560052)",34637
1877,45048,indoor,"staircase (0.90469843), escalator/indoor (0.018037792), corridor (0.0148482), shower (0.012904288), entrance_hall (0.010072391)",34637
1878,45072,indoor,"clean_room (0.6771853), museum/indoor (0.22243227), art_gallery (0.05723527), staircase (0.013528879), archive (0.0031970185)",34637
1879,45096,indoor,"clean_room (0.40464345), staircase (0.27466866), corridor (0.07932615), art_gallery (0.046115424), stage/indoor (0.028517764)",34637
1880,45120,indoor,"discotheque (0.24914333), stage/indoor (0.19186191), clean_room (0.1149385), staircase (0.08800177), music_studio (0.08466495)",34637
1881,45144,indoor,"staircase (0.7127502), entrance_hall (0.09278022), corridor (0.077492915), escalator/indoor (0.058034576), museum/indoor (0.016438253)",34637
1882,45168,indoor,"staircase (0.8483798), escalator/indoor (0.04246173), stage/indoor (0.026484463), entrance_hall (0.019032992), museum/indoor (0.015699293)",34637
1883,45192,indoor,"staircase (0.9114834), stage/indoor (0.024423797), museum/indoor (0.01463712), escalator/indoor (0.0116149355), corridor (0.006813882)",34637
1884,45216,indoor,"staircase (0.38060525), clean_room (0.2544711), corridor (0.117460884), escalator/indoor (0.07552161), museum/indoor (0.04878265)",34637
1885,45240,indoor,"clean_room (0.9477255), shower (0.020958759), chemistry_lab (0.00827284), corridor (0.005372096), biology_laboratory (0.0021729649)",34637
1886,45264,indoor,"museum/indoor (0.29959306), lobby (0.12610729), artists_loft (0.111235015), art_gallery (0.10378976), shower (0.035073657)",34637
1887,45288,indoor,"museum/indoor (0.38186792), shower (0.10451885), clean_room (0.077291206), art_gallery (0.048615728), lobby (0.046366785)",34637
1888,45312,indoor,"museum/indoor (0.6317507), art_gallery (0.061233975), artists_loft (0.057465155), entrance_hall (0.034746967), lobby (0.032038122)",34637
1889,45336,indoor,"artists_loft (0.20947556), art_gallery (0.12584935), museum/indoor (0.11757688), clean_room (0.11174256), shower (0.058256947)",34637
1890,45360,indoor,"artists_loft (0.23065142), elevator_lobby (0.1405946), art_gallery (0.09261407), entrance_hall (0.06025763), corridor (0.056128774)",34637
1891,45384,indoor,"artists_loft (0.3126789), art_gallery (0.095171794), corridor (0.09359743), clean_room (0.07988527), museum/indoor (0.066695124)",34637
1892,45408,indoor,"shower (0.20879532), clean_room (0.16526383), museum/indoor (0.10252406), dressing_room (0.08030435), artists_loft (0.07966562)",34637
1893,45432,indoor,"clean_room (0.2563109), museum/indoor (0.23673908), shower (0.1793589), art_gallery (0.07821012), artists_loft (0.05842495)",34637
1894,45456,indoor,"museum/indoor (0.47810474), art_gallery (0.15950486), artists_loft (0.10096382), clean_room (0.09444409), shower (0.030344687)",34637
1895,45480,indoor,"shower (0.34189683), museum/indoor (0.17258428), clean_room (0.16539554), locker_room (0.05449648), art_gallery (0.049536277)",34637
1896,45504,indoor,"museum/indoor (0.3394271), clean_room (0.31667942), art_gallery (0.057497516), artists_loft (0.031174092), shower (0.027055783)",34637
1897,45528,indoor,"museum/indoor (0.43244606), clean_room (0.15665565), art_gallery (0.09988587), artists_loft (0.09238026), shower (0.04202037)",34637
1898,45552,indoor,"museum/indoor (0.29238167), clean_room (0.22658691), art_gallery (0.0988221), shower (0.094048835), artists_loft (0.06377983)",34637
1899,45576,indoor,"bathroom (0.45824334), jail_cell (0.19613847), shower (0.114791974), patio (0.02180445), locker_room (0.018546771)",34637
1900,45600,indoor,"bathroom (0.3978721), shower (0.15826114), jail_cell (0.14517584), patio (0.0317651), alley (0.025455458)",34637
1901,45624,indoor,"museum/indoor (0.4713636), clean_room (0.12717117), art_gallery (0.10218491), shower (0.10156369), artists_loft (0.050119217)",34637
1902,45648,indoor,"museum/indoor (0.30369005), clean_room (0.1080665), shower (0.085622594), art_gallery (0.0816697), lobby (0.053981256)",34637
1903,45672,indoor,"museum/indoor (0.22263001), lobby (0.115920804), clean_room (0.092368126), art_gallery (0.08626776), artists_loft (0.054490652)",34637
1904,45696,indoor,"museum/indoor (0.821566), clean_room (0.047975406), archive (0.031041639), operating_room (0.02142195), television_studio (0.013875268)",34637
1905,45720,indoor,"museum/indoor (0.8542719), clean_room (0.025782017), archive (0.022677401), television_studio (0.018594865), art_gallery (0.015210014)",34637
1906,45744,indoor,"museum/indoor (0.9159608), archive (0.015565883), art_gallery (0.015240404), clean_room (0.014009769), natural_history_museum (0.0066884337)",34637
1907,45768,indoor,"museum/indoor (0.83284986), clean_room (0.031078422), archive (0.022020591), art_gallery (0.020207018), operating_room (0.01690583)",34637
1908,45792,indoor,"museum/indoor (0.70065844), archive (0.063305825), clean_room (0.050974447), operating_room (0.036870677), television_studio (0.02086673)",34637
1909,45816,indoor,"museum/indoor (0.7892281), archive (0.04368958), clean_room (0.024889065), television_studio (0.024065724), operating_room (0.01879985)",34637
1910,45840,indoor,"museum/indoor (0.8556077), archive (0.026884262), art_gallery (0.024726963), clean_room (0.016159387), television_studio (0.012770627)",34637
1911,45864,indoor,"museum/indoor (0.90633), art_gallery (0.024733735), archive (0.0103764385), natural_history_museum (0.009569612), television_studio (0.0077654505)",34637
1912,45888,indoor,"museum/indoor (0.7633742), archive (0.04465286), art_gallery (0.029572371), natural_history_museum (0.025996624), science_museum (0.021289518)",34637
1913,45912,indoor,"museum/indoor (0.795583), art_gallery (0.05093355), natural_history_museum (0.04963103), archive (0.027523823), science_museum (0.014915417)",34637
1914,45936,indoor,"museum/indoor (0.487547), clean_room (0.15992463), art_gallery (0.05465876), discotheque (0.044032108), natural_history_museum (0.034681417)",34637
1915,45960,indoor,"museum/indoor (0.61368215), stage/indoor (0.07653515), discotheque (0.05722801), art_gallery (0.03490593), ballroom (0.026311127)",34637
1916,45984,indoor,"museum/indoor (0.42362848), stage/indoor (0.1248486), discotheque (0.10967843), clean_room (0.05199386), music_studio (0.032168552)",34637
1917,46008,indoor,"museum/indoor (0.8225971), art_gallery (0.05167476), dressing_room (0.02484606), clean_room (0.019841602), stage/indoor (0.012684257)",34637
1918,46032,indoor,"clean_room (0.44551045), museum/indoor (0.33042863), art_gallery (0.11227964), dressing_room (0.033452723), music_studio (0.00894998)",34637
1919,46056,indoor,"clean_room (0.40143338), museum/indoor (0.11631197), art_gallery (0.10810555), operating_room (0.03451714), artists_loft (0.026605366)",34637
1920,46080,indoor,"clean_room (0.3119842), museum/indoor (0.30582476), art_gallery (0.09725631), dressing_room (0.039753012), art_studio (0.029939275)",34637
1921,46104,indoor,"art_gallery (0.5341269), museum/indoor (0.2733269), artists_loft (0.06447252), nursery (0.021915557), art_studio (0.015068131)",34637
1922,46128,indoor,"artists_loft (0.3956381), living_room (0.104405545), entrance_hall (0.07725358), art_gallery (0.060537245), waiting_room (0.060205784)",34637
1923,46152,indoor,"nursery (0.18428595), artists_loft (0.17003952), bedroom (0.1174012), living_room (0.07757459), museum/indoor (0.04598659)",34637
1924,46176,indoor,"nursery (0.30891362), artists_loft (0.13551216), living_room (0.08977681), bedroom (0.083614744), art_gallery (0.05423301)",34637
1925,46200,indoor,"artists_loft (0.29669392), art_gallery (0.07637081), living_room (0.055654548), bedroom (0.05134597), nursery (0.047219887)",34637
1926,46224,indoor,"artists_loft (0.35144717), art_gallery (0.1327062), nursery (0.07907799), museum/indoor (0.07283617), clean_room (0.053895913)",34637
1927,46248,indoor,"clean_room (0.3955418), art_gallery (0.248361), museum/indoor (0.21442975), artists_loft (0.055416513), elevator/door (0.0155915525)",34637
1928,46272,indoor,"museum/indoor (0.45560053), art_gallery (0.3336021), clean_room (0.09706421), artists_loft (0.042967565), art_studio (0.022051465)",34637
1929,46296,indoor,"art_gallery (0.38872293), museum/indoor (0.3551904), clean_room (0.07399977), artists_loft (0.056620512), art_studio (0.035646174)",34637
1930,46320,indoor,"museum/indoor (0.26466903), clean_room (0.24904528), dressing_room (0.20802559), art_gallery (0.104794346), art_studio (0.054233972)",34637
1931,46344,indoor,"art_gallery (0.388874), museum/indoor (0.25728682), art_studio (0.11967446), dressing_room (0.10620583), artists_loft (0.068685845)",34637
1932,46368,indoor,"art_gallery (0.34162176), museum/indoor (0.25481212), dressing_room (0.22031175), art_studio (0.09176334), artists_loft (0.043878973)",34637
1933,46392,indoor,"museum/indoor (0.32303876), art_gallery (0.2893349), dressing_room (0.2414479), art_studio (0.079835564), artists_loft (0.022952)",34637
1934,46416,indoor,"art_gallery (0.40624097), museum/indoor (0.23083071), dressing_room (0.13515788), art_studio (0.11092492), artists_loft (0.04969549)",34637
1935,46440,indoor,"museum/indoor (0.32481644), art_gallery (0.27527696), dressing_room (0.23059969), art_studio (0.072973415), artists_loft (0.028978277)",34637
1936,46464,indoor,"dressing_room (0.439243), museum/indoor (0.20332162), elevator/door (0.09285016), clean_room (0.041313913), locker_room (0.03858489)",34637
1937,46488,indoor,"dressing_room (0.56819165), museum/indoor (0.16604693), art_gallery (0.086359106), art_studio (0.038214184), elevator/door (0.029618105)",34637
1938,46512,indoor,"museum/indoor (0.8337929), dressing_room (0.060924526), art_gallery (0.055268902), natural_history_museum (0.010619099), science_museum (0.009983211)",34637
1939,46536,indoor,"museum/indoor (0.9498784), art_gallery (0.023130644), dressing_room (0.014884389), natural_history_museum (0.004416637), science_museum (0.0041569397)",34637
1940,46560,indoor,"museum/indoor (0.9189792), art_gallery (0.032675017), dressing_room (0.021721069), discotheque (0.007002589), stage/indoor (0.0060713245)",34637
1941,46584,indoor,"museum/indoor (0.7608596), art_gallery (0.100978255), dressing_room (0.09011409), natural_history_museum (0.010978906), science_museum (0.010407337)",34637
1942,46608,indoor,"museum/indoor (0.94413346), art_gallery (0.046382125), science_museum (0.0032736592), natural_history_museum (0.0030343113), dressing_room (0.0016661702)",34637
1943,46632,indoor,"museum/indoor (0.9351919), art_gallery (0.039792396), dressing_room (0.009629936), science_museum (0.005182179), natural_history_museum (0.003767682)",34637
1944,46656,indoor,"museum/indoor (0.95392853), art_gallery (0.029719133), dressing_room (0.0037759324), natural_history_museum (0.0037084688), science_museum (0.0033534968)",34637
1945,46680,indoor,"museum/indoor (0.9436586), art_gallery (0.03529554), dressing_room (0.008220022), natural_history_museum (0.003969279), science_museum (0.0035280176)",34637
1946,46704,indoor,"museum/indoor (0.9124228), art_gallery (0.03779017), dressing_room (0.022393096), natural_history_museum (0.006904157), science_museum (0.005930293)",34637
1947,46728,indoor,"museum/indoor (0.9061476), art_gallery (0.05424109), dressing_room (0.014041033), natural_history_museum (0.011361172), science_museum (0.009471861)",34637
1948,46752,indoor,"museum/indoor (0.83511716), art_gallery (0.061977506), natural_history_museum (0.0316983), science_museum (0.025639042), dressing_room (0.018524295)",34637
1949,46776,indoor,"museum/indoor (0.8289641), art_gallery (0.066537544), dressing_room (0.043742638), science_museum (0.018591259), natural_history_museum (0.013073526)",34637
1950,46800,indoor,"museum/indoor (0.8680176), art_gallery (0.06338007), dressing_room (0.02070219), natural_history_museum (0.018794203), science_museum (0.017937828)",34637
1951,46824,indoor,"museum/indoor (0.83110034), dressing_room (0.06305375), art_gallery (0.054886002), natural_history_museum (0.015875772), science_museum (0.014264295)",34637
1952,46848,indoor,"museum/indoor (0.86022615), art_gallery (0.08002906), dressing_room (0.027372155), natural_history_museum (0.014200948), science_museum (0.010891329)",34637
1953,46872,indoor,"dressing_room (0.34637257), museum/indoor (0.20778558), art_gallery (0.13409339), clean_room (0.09734266), discotheque (0.09142561)",34637
1954,46896,indoor,"dressing_room (0.5010336), art_gallery (0.13062541), discotheque (0.11334633), museum/indoor (0.10605207), clean_room (0.0457682)",34637
1955,46920,indoor,"museum/indoor (0.43358836), dressing_room (0.3043451), shower (0.038574576), art_gallery (0.037453566), clean_room (0.029248366)",34637
1956,46944,indoor,"museum/indoor (0.41087535), dressing_room (0.3634153), locker_room (0.03434038), art_gallery (0.033946943), clean_room (0.031089434)",34637
1957,46968,indoor,"museum/indoor (0.432517), dressing_room (0.36809283), art_gallery (0.04814451), shower (0.022353027), bathroom (0.022266984)",34637
1958,46992,indoor,"dressing_room (0.52696174), museum/indoor (0.24776451), art_gallery (0.044108286), bathroom (0.036741767), clean_room (0.030739324)",34637
1959,47016,indoor,"dressing_room (0.59094894), museum/indoor (0.21245188), art_gallery (0.0350993), clean_room (0.031326376), bathroom (0.02216831)",34637
1960,47040,indoor,"dressing_room (0.39984152), museum/indoor (0.39060414), art_gallery (0.036926236), clean_room (0.034189805), shower (0.028396484)",34637
1961,47064,indoor,"museum/indoor (0.38396353), dressing_room (0.37305278), art_gallery (0.053644314), clean_room (0.038242336), bathroom (0.026112828)",34637
1962,47088,indoor,"dressing_room (0.46104214), museum/indoor (0.22407706), elevator/door (0.07695366), shower (0.061781894), bathroom (0.049003616)",34637
1963,47112,indoor,"clean_room (0.29740694), museum/indoor (0.11580303), dressing_room (0.100217074), shower (0.07846977), bathroom (0.058687296)",34637
1964,47136,indoor,"clean_room (0.1814452), museum/indoor (0.18129213), dressing_room (0.1652424), shower (0.15327467), art_gallery (0.0918396)",34637
1965,47160,indoor,"museum/indoor (0.32236367), dressing_room (0.24488772), art_gallery (0.10008107), clean_room (0.07870308), shower (0.04999191)",34637
1966,47184,indoor,"museum/indoor (0.39247766), dressing_room (0.2654925), art_gallery (0.111238904), clean_room (0.050634626), art_studio (0.036536932)",34637
1967,47208,indoor,"museum/indoor (0.69087505), art_gallery (0.11385603), dressing_room (0.081989355), art_studio (0.030445183), archive (0.016860522)",34637
1968,47232,indoor,"museum/indoor (0.5543861), dressing_room (0.20881854), art_gallery (0.10182072), art_studio (0.030643024), archive (0.02207734)",34637
1969,47256,indoor,"museum/indoor (0.44255593), dressing_room (0.27876484), elevator/door (0.06642477), locker_room (0.050811607), art_gallery (0.04852039)",34637
1970,47280,indoor,"dressing_room (0.42033377), museum/indoor (0.2794182), art_gallery (0.08155018), clean_room (0.050744087), elevator/door (0.034101613)",34637
1971,47304,indoor,"dressing_room (0.77460504), museum/indoor (0.06465667), bathroom (0.03558636), shower (0.02006417), clean_room (0.017926516)",34637
1972,47328,indoor,"dressing_room (0.56741476), museum/indoor (0.13358954), bathroom (0.037757967), art_gallery (0.034995787), clean_room (0.029740842)",34637
1973,47352,indoor,"dressing_room (0.21901682), clean_room (0.19263005), museum/indoor (0.08724649), office (0.059724454), archive (0.036963567)",34637
1974,47376,indoor,"bathroom (0.24333082), shower (0.17207837), dressing_room (0.14915083), office (0.06610536), clean_room (0.06452497)",34637
1975,47400,indoor,"staircase (0.9610483), entrance_hall (0.008266979), museum/indoor (0.0043261773), escalator/indoor (0.0030309425), clean_room (0.0028966793)",34637
1976,47424,indoor,"staircase (0.9078288), entrance_hall (0.048145432), escalator/indoor (0.010761544), corridor (0.007935081), clean_room (0.0037295753)",34637
1977,47448,indoor,"staircase (0.8726429), entrance_hall (0.04650703), nursery (0.019819604), corridor (0.006522956), basement (0.0057142326)",34637
1978,47472,indoor,"museum/indoor (0.27292967), archive (0.21701346), clean_room (0.09824981), nursery (0.04337861), music_studio (0.033412863)",34637
1979,47496,indoor,"archive (0.45312783), museum/indoor (0.12935367), nursing_home (0.070524015), clean_room (0.05086907), office (0.033159047)",34637
1980,47520,indoor,"archive (0.34132215), museum/indoor (0.13804847), nursing_home (0.09351771), office (0.03712687), clean_room (0.03657861)",34637
1981,47544,indoor,"archive (0.28298566), nursing_home (0.11628203), museum/indoor (0.08318017), office (0.06814109), clean_room (0.052241247)",34637
1982,47568,indoor,"archive (0.39217672), nursing_home (0.16959961), museum/indoor (0.069607526), office (0.034196585), clean_room (0.033131734)",34637
1983,47592,indoor,"archive (0.24642049), nursing_home (0.16755849), museum/indoor (0.08063401), recreation_room (0.05814844), music_studio (0.056509398)",34637
1984,47616,indoor,"archive (0.23374327), museum/indoor (0.21116078), nursing_home (0.12038246), music_studio (0.06460666), recreation_room (0.04208143)",34637
1985,47640,indoor,"archive (0.18625775), museum/indoor (0.1837391), nursing_home (0.083415285), operating_room (0.057767462), clean_room (0.053024814)",34637
1986,47664,indoor,"nursing_home (0.12635969), archive (0.095633775), ballroom (0.07310551), recreation_room (0.067893125), museum/indoor (0.06657062)",34637
1987,47688,indoor,"nursing_home (0.15537816), recreation_room (0.1005139), operating_room (0.07140401), ballroom (0.06588551), museum/indoor (0.06491776)",34637
1988,47712,indoor,"archive (0.19516246), recreation_room (0.14006189), classroom (0.08540258), kindergarden_classroom (0.08117315), nursing_home (0.05652205)",34637
1989,47736,indoor,"archive (0.28307638), recreation_room (0.10062576), classroom (0.10012989), operating_room (0.05328473), clean_room (0.04841448)",34637
1990,47760,indoor,"archive (0.23700655), operating_room (0.109181), clean_room (0.09313203), nursing_home (0.08431385), recreation_room (0.08248499)",34637
1991,47784,indoor,"archive (0.24723336), recreation_room (0.12428545), classroom (0.060997434), physics_laboratory (0.04869535), operating_room (0.047647633)",34637
1992,47808,indoor,"archive (0.29501396), recreation_room (0.14327557), nursing_home (0.054635268), classroom (0.046888933), physics_laboratory (0.046245888)",34637
1993,47832,indoor,"archive (0.34614447), recreation_room (0.105223835), nursing_home (0.06085778), classroom (0.058597676), museum/indoor (0.05289085)",34637
1994,47856,indoor,"archive (0.30934575), recreation_room (0.1464065), museum/indoor (0.07504359), nursing_home (0.04597457), classroom (0.044799764)",34637
1995,47880,indoor,"archive (0.3207447), recreation_room (0.1425687), museum/indoor (0.090441644), physics_laboratory (0.04131931), nursing_home (0.04066766)",34637
1996,47904,indoor,"archive (0.28385124), recreation_room (0.13322338), nursing_home (0.061320607), museum/indoor (0.058740254), classroom (0.047449555)",34637
1997,47928,indoor,"archive (0.20644209), recreation_room (0.18384153), museum/indoor (0.069735594), nursing_home (0.063529566), operating_room (0.042681888)",34637
1998,47952,indoor,"archive (0.2756153), recreation_room (0.16096456), museum/indoor (0.06831892), operating_room (0.046978377), classroom (0.042334586)",34637
1999,47976,indoor,"archive (0.1940883), recreation_room (0.13287753), operating_room (0.12383646), clean_room (0.08542643), nursing_home (0.06590907)",34637
2000,48000,indoor,"recreation_room (0.2657688), archive (0.24226189), museum/indoor (0.0604718), physics_laboratory (0.052264303), classroom (0.052109864)",34637
2001,48024,indoor,"archive (0.30643746), recreation_room (0.19722563), museum/indoor (0.13640226), music_studio (0.032286536), physics_laboratory (0.030899275)",34637
2002,48048,indoor,"clean_room (0.2986459), assembly_line (0.11291246), biology_laboratory (0.11271161), chemistry_lab (0.10729723), engine_room (0.055180546)",34637
2003,48072,indoor,"cafeteria (0.22032768), chemistry_lab (0.144766), food_court (0.07964465), restaurant (0.076256864), biology_laboratory (0.066754594)",34637
2004,48096,indoor,"discotheque (0.24449706), kindergarden_classroom (0.21890193), nursery (0.059219036), archive (0.04670105), gymnasium/indoor (0.027023533)",34637
2005,48120,indoor,"banquet_hall (0.17655738), restaurant (0.14777674), chemistry_lab (0.10546945), dressing_room (0.060353886), discotheque (0.055043317)",34637
2006,48144,indoor,"dressing_room (0.3372788), banquet_hall (0.22044776), ice_cream_parlor (0.105924934), restaurant (0.10428012), chemistry_lab (0.04570043)",34637
2007,48168,indoor,"dressing_room (0.3834594), banquet_hall (0.14939864), discotheque (0.10054169), restaurant (0.08763058), chemistry_lab (0.05344905)",34637
2008,48192,indoor,"dressing_room (0.42184418), banquet_hall (0.22092697), restaurant (0.09645282), discotheque (0.061629858), chemistry_lab (0.031391475)",34637
2009,48216,indoor,"banquet_hall (0.27188215), restaurant (0.24089833), discotheque (0.069123924), dressing_room (0.0660125), bar (0.064439)",34637
2010,48240,indoor,"banquet_hall (0.39366052), restaurant (0.31522676), dining_hall (0.081824794), cafeteria (0.059052933), dressing_room (0.0429659)",34637
2011,48264,indoor,"banquet_hall (0.24902555), dressing_room (0.23397736), restaurant (0.20347214), chemistry_lab (0.06871787), dining_hall (0.057932787)",34637
2012,48288,indoor,"banquet_hall (0.34842038), restaurant (0.18492313), dressing_room (0.09615099), dining_hall (0.084360845), chemistry_lab (0.07423464)",34637
2013,48312,indoor,"banquet_hall (0.4587081), restaurant (0.1814756), dressing_room (0.08779236), dining_hall (0.068153314), discotheque (0.04447777)",34637
2014,48336,indoor,"banquet_hall (0.42086184), restaurant (0.2118296), dressing_room (0.09411462), discotheque (0.051878013), dining_hall (0.05047566)",34637
2015,48360,indoor,"banquet_hall (0.39486304), discotheque (0.13203156), restaurant (0.13197866), dressing_room (0.10321425), chemistry_lab (0.048742596)",34637
2016,48384,indoor,"dressing_room (0.35049805), discotheque (0.19631442), banquet_hall (0.16770682), restaurant (0.08116634), chemistry_lab (0.053610858)",34637
2017,48408,indoor,"dressing_room (0.31556353), discotheque (0.19840069), banquet_hall (0.13671939), chemistry_lab (0.07996963), restaurant (0.06367714)",34637
2018,48432,indoor,"chemistry_lab (0.1773528), banquet_hall (0.13193221), restaurant (0.12809242), discotheque (0.106793165), dressing_room (0.0969084)",34637
2019,48456,indoor,"discotheque (0.26144913), dressing_room (0.1852575), chemistry_lab (0.106168754), banquet_hall (0.10191199), restaurant (0.06330546)",34637
2020,48480,indoor,"restaurant (0.22912627), banquet_hall (0.21929935), dressing_room (0.20894162), chemistry_lab (0.07197158), classroom (0.0430939)",34637
2021,48504,indoor,"banquet_hall (0.3358616), chemistry_lab (0.15445839), restaurant (0.11632631), dressing_room (0.09726233), biology_laboratory (0.042059783)",34637
2022,48528,indoor,"banquet_hall (0.396075), dressing_room (0.31739563), clean_room (0.04402361), chemistry_lab (0.039292432), dining_hall (0.03273832)",34637
2023,48552,indoor,"ice_cream_parlor (0.35599834), clean_room (0.31326002), dressing_room (0.09487002), discotheque (0.087909535), museum/indoor (0.023542026)",34637
2024,48576,indoor,"clean_room (0.48397908), museum/indoor (0.26013076), ice_cream_parlor (0.11442561), discotheque (0.024167497), dressing_room (0.018741045)",34637
2025,48600,indoor,"ice_cream_parlor (0.8613512), clean_room (0.07548968), museum/indoor (0.02837236), science_museum (0.0083390325), discotheque (0.0050432314)",34637
2026,48624,indoor,"museum/indoor (0.28116703), clean_room (0.1910932), science_museum (0.1270561), shower (0.08924155), natural_history_museum (0.059893776)",34637
2027,48648,indoor,"shower (0.3628029), clean_room (0.28924778), museum/indoor (0.10922882), discotheque (0.04991721), science_museum (0.04665633)",34637
2028,48672,indoor,"clean_room (0.34255126), museum/indoor (0.22461632), shower (0.08508303), science_museum (0.05949594), discotheque (0.059291128)",34637
2029,48696,indoor,"clean_room (0.42239773), museum/indoor (0.17120728), shower (0.11572538), science_museum (0.066278726), discotheque (0.03930695)",34637
2030,48720,indoor,"ice_cream_parlor (0.9892847), museum/indoor (0.0024588446), coffee_shop (0.0021808683), clean_room (0.0019887867), dressing_room (0.0017425761)",34637
2031,48744,indoor,"ice_cream_parlor (0.73359466), museum/indoor (0.20944984), clean_room (0.018422825), dressing_room (0.014139099), art_gallery (0.012979865)",34637
2032,48768,indoor,"museum/indoor (0.39919612), ice_cream_parlor (0.3254504), clean_room (0.19535954), art_gallery (0.04853895), science_museum (0.015133139)",34637
2033,48792,indoor,"staircase (0.8983124), entrance_hall (0.055444185), escalator/indoor (0.014434778), corridor (0.008419682), clean_room (0.008311795)",34637
2034,48816,indoor,"staircase (0.70127654), shower (0.16953923), entrance_hall (0.03508734), clean_room (0.022339303), museum/indoor (0.0077676363)",34637
2035,48840,indoor,"staircase (0.8023227), entrance_hall (0.18191668), corridor (0.0041681984), lobby (0.003492442), museum/indoor (0.0020145348)",34637
2036,48864,indoor,"staircase (0.7993963), entrance_hall (0.1539752), escalator/indoor (0.010807479), lobby (0.01006681), museum/indoor (0.0070014694)",34637
2037,48888,indoor,"staircase (0.29456198), entrance_hall (0.21798658), corridor (0.1709178), clean_room (0.09282294), museum/indoor (0.052279074)",34637
2038,48912,indoor,"clean_room (0.43461177), corridor (0.2650038), staircase (0.07131303), entrance_hall (0.07057248), museum/indoor (0.03327306)",34637
2039,48936,indoor,"beauty_salon (0.21369049), pharmacy (0.11338911), drugstore (0.100282215), department_store (0.052454077), candy_store (0.040375497)",34637
2040,48960,indoor,"shower (0.17153056), bathroom (0.14201091), beauty_salon (0.1190885), clean_room (0.048518788), candy_store (0.042316783)",34637
2041,48984,indoor,"chemistry_lab (0.19379425), clean_room (0.18220033), archive (0.13041998), shower (0.0848007), beauty_salon (0.06610492)",34637
2042,49008,indoor,"clean_room (0.19330382), archive (0.1900037), chemistry_lab (0.12134981), classroom (0.1140312), dressing_room (0.059875425)",34637
2043,49032,indoor,"clean_room (0.2232323), staircase (0.19325483), chemistry_lab (0.09316935), archive (0.052126754), drugstore (0.041911438)",34637
2044,49056,indoor,"locker_room (0.20168525), jail_cell (0.12947103), basement (0.11684686), server_room (0.057467792), discotheque (0.044368636)",34637
2045,49080,indoor,"shower (0.2156176), sauna (0.10656823), jail_cell (0.09035574), museum/indoor (0.087255865), bow_window/indoor (0.070483334)",34637
2046,49104,indoor,"classroom (0.6340898), archive (0.29782405), lecture_room (0.037398797), kindergarden_classroom (0.005529179), museum/indoor (0.0033352515)",34637
2047,49128,indoor,"classroom (0.9461225), lecture_room (0.03422708), archive (0.0050542415), kindergarden_classroom (0.0024473402), physics_laboratory (0.00095213944)",34637
2048,49152,outdoor,"hot_spring (0.30508885), sky (0.13748729), ocean (0.077692956), beach (0.0758564), ice_shelf (0.06305797)",34637
2049,49176,outdoor,"sky (0.20046328), shower (0.15248404), hot_spring (0.15023853), wind_farm (0.086435735), basement (0.039039567)",34637
2050,49200,indoor,"archive (0.6423741), classroom (0.20835154), lecture_room (0.07363875), office_cubicles (0.016322091), cemetery (0.014614727)",34637
2051,49224,indoor,"archive (0.70594704), classroom (0.2044266), lecture_room (0.030616725), cemetery (0.028926302), office_cubicles (0.004720441)",34637
2052,49248,indoor,"classroom (0.87819517), lecture_room (0.04556757), archive (0.026714725), kindergarden_classroom (0.008987868), bowling_alley (0.008697163)",34637
2053,49272,indoor,"classroom (0.34638774), archive (0.17054518), jail_cell (0.06220547), museum/indoor (0.043201994), basement (0.03727044)",34637
2054,49296,outdoor,"igloo (0.31282794), archive (0.17957382), ice_shelf (0.15992917), ice_floe (0.07518378), jail_cell (0.070223995)",34637
2055,49320,outdoor,"igloo (0.47979444), ice_floe (0.24380484), ice_shelf (0.19222431), iceberg (0.027340561), archive (0.009197967)",34637
2056,49344,outdoor,"igloo (0.36227098), ice_floe (0.22544041), ice_shelf (0.16004531), iceberg (0.0766531), crevasse (0.031420093)",34637
2057,49368,outdoor,"hot_spring (0.14330354), basement (0.11864152), beach (0.064521134), ocean (0.053814117), sky (0.04807899)",34637
2058,49392,outdoor,"hot_spring (0.25013396), basement (0.13612011), beach (0.051647954), lake/natural (0.043651477), sky (0.040737234)",34637
2059,49416,outdoor,"arch (0.16383107), sky (0.15041922), shower (0.12636964), ice_floe (0.08221066), glacier (0.05803592)",34637
2060,49440,outdoor,"mosque/outdoor (0.30775312), tower (0.22638297), ice_floe (0.11290067), skyscraper (0.05511798), ocean (0.03593761)",34637
2061,49464,outdoor,"ice_floe (0.23792556), iceberg (0.13762166), ice_shelf (0.11613367), art_gallery (0.09421371), museum/indoor (0.04551487)",34637
2062,49488,outdoor,"iceberg (0.26984894), ice_floe (0.21005177), ice_shelf (0.20103678), attic (0.07921568), berth (0.04057955)",34637
2063,49512,indoor,"shower (0.32529226), closet (0.1273969), bathroom (0.09482185), boat_deck (0.069720425), airplane_cabin (0.0455004)",34637
2064,49536,outdoor,"attic (0.20742112), ice_floe (0.20474432), boat_deck (0.103583), airplane_cabin (0.071555845), iceberg (0.048119444)",34637
2065,49560,indoor,"staircase (0.55158275), shower (0.12890069), bathroom (0.1188207), clean_room (0.049172588), attic (0.024481975)",34637
2066,49584,indoor,"closet (0.27023983), shower (0.22157994), basement (0.112892546), bathroom (0.07511205), locker_room (0.061995197)",34637
2067,49608,indoor,"museum/indoor (0.21736366), reception (0.18354635), entrance_hall (0.17678621), lobby (0.07327176), ballroom (0.037956662)",34637
2068,49632,indoor,"entrance_hall (0.16473319), museum/indoor (0.13477808), artists_loft (0.10434121), clean_room (0.09124375), art_gallery (0.07330931)",34637
2069,49656,indoor,"museum/indoor (0.63968027), clean_room (0.054728393), art_gallery (0.050600413), entrance_hall (0.03826547), reception (0.032048434)",34637
2070,49680,indoor,"museum/indoor (0.51336306), entrance_hall (0.123242155), art_gallery (0.06885997), clean_room (0.04029187), artists_loft (0.03296329)",34637
2071,49704,indoor,"museum/indoor (0.3691492), entrance_hall (0.20587084), ballroom (0.05231192), art_gallery (0.045949966), clean_room (0.031982865)",34637
2072,49728,indoor,"entrance_hall (0.3547475), museum/indoor (0.24580258), reception (0.049017522), art_gallery (0.046989106), lobby (0.04358463)",34637
2073,49752,indoor,"museum/indoor (0.65749365), art_gallery (0.067632), entrance_hall (0.06707196), clean_room (0.037373293), artists_loft (0.03213215)",34637
2074,49776,indoor,"museum/indoor (0.6715754), clean_room (0.13804936), art_gallery (0.032704063), natural_history_museum (0.017768836), operating_room (0.014687039)",34637
2075,49800,indoor,"museum/indoor (0.571203), art_gallery (0.073434696), clean_room (0.06560072), elevator_lobby (0.03632079), artists_loft (0.025953064)",34637
2076,49824,indoor,"museum/indoor (0.5020962), elevator_lobby (0.075707905), art_gallery (0.06377209), clean_room (0.060733505), entrance_hall (0.031179128)",34637
2077,49848,indoor,"entrance_hall (0.31794313), museum/indoor (0.13509658), elevator_lobby (0.0855142), artists_loft (0.0751296), lobby (0.06507529)",34637
2078,49872,indoor,"bow_window/indoor (0.35819876), shower (0.24130848), bathroom (0.08709399), jail_cell (0.04035741), atrium/public (0.025829324)",34637
2079,49896,indoor,"bow_window/indoor (0.3566804), shower (0.21094717), locker_room (0.12392468), bathroom (0.061920695), jail_cell (0.04027136)",34637
2080,49920,indoor,"shower (0.27739328), bow_window/indoor (0.19123851), locker_room (0.14713642), jail_cell (0.07048034), bathroom (0.058953688)",34637
2081,49944,indoor,"shower (0.41600212), bow_window/indoor (0.1552815), bathroom (0.14641885), locker_room (0.033194505), sauna (0.025632042)",34637
2082,49968,indoor,"bow_window/indoor (0.25415486), shower (0.24960633), bathroom (0.1188225), locker_room (0.056030113), sauna (0.03605463)",34637
2083,49992,indoor,"bow_window/indoor (0.40946952), shower (0.14739792), bathroom (0.08245587), sauna (0.028695803), jail_cell (0.025680166)",34637
2084,50016,indoor,"shower (0.3404695), locker_room (0.2407225), clean_room (0.17995358), bathroom (0.08498881), archive (0.023795601)",34637
2085,50040,indoor,"clean_room (0.47867408), archive (0.20676057), locker_room (0.14096217), office (0.02285198), jail_cell (0.02085285)",34637
2086,50064,indoor,"bow_window/indoor (0.3925946), closet (0.22921798), doorway/outdoor (0.08484804), elevator/door (0.042337704), shower (0.03263972)",34637
2087,50088,indoor,"shower (0.24079688), locker_room (0.23401459), elevator/door (0.15366413), server_room (0.112996325), closet (0.062093798)",34637
2088,50112,indoor,"locker_room (0.40181082), server_room (0.28850272), clean_room (0.08269258), elevator/door (0.07973769), archive (0.04347908)",34637
2089,50136,indoor,"locker_room (0.33970666), elevator/door (0.18304838), clean_room (0.08419724), server_room (0.06551274), doorway/outdoor (0.055980682)",34637
2090,50160,indoor,"cemetery (0.38508525), archive (0.16882886), burial_chamber (0.112935126), museum/indoor (0.10899952), mausoleum (0.051314812)",34637
2091,50184,outdoor,"igloo (0.97316587), ice_floe (0.015798375), ice_shelf (0.0030409447), shower (0.0008222868), jail_cell (0.0006073258)",34637
2092,50208,outdoor,"igloo (0.8155374), ice_floe (0.14209226), ice_shelf (0.008613483), iceberg (0.0036211675), fountain (0.0027932553)",34637
2093,50232,indoor,"clean_room (0.52029276), shower (0.20730779), jail_cell (0.06738166), archive (0.028668039), chemistry_lab (0.019308068)",34637
2094,50256,indoor,"archive (0.2690417), cemetery (0.18853939), museum/indoor (0.1418521), patio (0.05549755), classroom (0.044815544)",34637
2095,50280,indoor,"igloo (0.845322), sauna (0.03248644), patio (0.014243514), shower (0.014135144), bowling_alley (0.008221651)",34637
2096,50304,outdoor,"arch (0.11558545), boardwalk (0.09734857), archive (0.08061814), igloo (0.0690179), sauna (0.057822134)",34637
2097,50328,indoor,"bow_window/indoor (0.65257156), shower (0.073077366), bathroom (0.051830832), jail_cell (0.020279657), atrium/public (0.019026073)",34637
2098,50352,indoor,"bow_window/indoor (0.7392667), shower (0.046418287), bathroom (0.030737076), jail_cell (0.029295895), kennel/outdoor (0.017263582)",34637
2099,50376,indoor,"bow_window/indoor (0.8730099), entrance_hall (0.013699334), atrium/public (0.012149693), archive (0.01005749), living_room (0.0070162034)",34637
2100,50400,indoor,"bow_window/indoor (0.37427446), clean_room (0.1733868), shower (0.12527177), locker_room (0.04955426), bathroom (0.047805097)",34637
2101,50424,indoor,"clean_room (0.54681516), archive (0.35578105), server_room (0.052643023), locker_room (0.015751947), atrium/public (0.0046348507)",34637
2102,50448,indoor,"shower (0.41926637), closet (0.36518982), locker_room (0.0511529), jail_cell (0.042845342), bathroom (0.034111626)",34637
2103,50472,indoor,"doorway/outdoor (0.31596836), server_room (0.21682642), archive (0.12199638), elevator/door (0.11161086), locker_room (0.08829104)",34637
2104,50496,indoor,"closet (0.19848627), server_room (0.17976172), clean_room (0.14606653), archive (0.14148493), doorway/outdoor (0.07052291)",34637
2105,50520,outdoor,"shower (0.45661741), construction_site (0.09086799), skyscraper (0.07891986), rope_bridge (0.068290256), fire_escape (0.05101454)",34637
2106,50544,outdoor,"shower (0.25595036), skyscraper (0.09937631), tower (0.08567264), rope_bridge (0.07553059), dam (0.074612565)",34637
2107,50568,outdoor,"shower (0.45289713), wind_farm (0.10924662), construction_site (0.08296679), fire_escape (0.050497614), skyscraper (0.047555894)",34637
2108,50592,outdoor,"shower (0.7120722), wind_farm (0.0647926), tower (0.04600683), construction_site (0.038098067), jail_cell (0.036584437)",34637
2109,50616,outdoor,"shower (0.8573016), jail_cell (0.029210655), wind_farm (0.026828632), tower (0.012272334), construction_site (0.009094771)",34637
2110,50640,indoor,"shower (0.8500303), jail_cell (0.030434772), bathroom (0.026549503), locker_room (0.015679467), wind_farm (0.015433398)",34637
2111,50664,indoor,"shower (0.6185334), jail_cell (0.15776296), locker_room (0.12809278), bathroom (0.009072921), stable (0.00893499)",34637
2112,50688,outdoor,"barndoor (0.80392104), jail_cell (0.027711965), shed (0.02338631), shower (0.017418532), construction_site (0.015750743)",34637
2113,50712,indoor,"barndoor (0.8044426), clean_room (0.019365832), locker_room (0.013849167), loading_dock (0.013201483), stable (0.012967108)",34637
2114,50736,indoor,"barndoor (0.6120827), locker_room (0.16522193), stable (0.0558085), museum/indoor (0.030203396), martial_arts_gym (0.015630243)",34637
2115,50760,indoor,"locker_room (0.5866454), clothing_store (0.08640272), museum/indoor (0.071771815), archive (0.04275791), clean_room (0.036513325)",34637
2116,50784,indoor,"locker_room (0.2398484), bow_window/indoor (0.20480524), museum/indoor (0.13121706), dressing_room (0.1158351), clothing_store (0.048815742)",34637
2117,50808,indoor,"shower (0.31555727), bathroom (0.13086091), jail_cell (0.0819225), clean_room (0.06986357), locker_room (0.068283856)",34637
2118,50832,indoor,"jail_cell (0.92441636), bow_window/indoor (0.027475962), barndoor (0.010987843), locker_room (0.005703711), shower (0.0036309562)",34637
2119,50856,indoor,"jail_cell (0.9498964), barndoor (0.013350309), shower (0.010304744), bow_window/indoor (0.004816905), stable (0.0032053406)",34637
2120,50880,indoor,"jail_cell (0.86786234), locker_room (0.045759454), barndoor (0.034632947), shower (0.016954575), elevator/door (0.008564958)",34637
2121,50904,indoor,"barndoor (0.8875225), jail_cell (0.0486915), locker_room (0.0310743), shower (0.005809318), doorway/outdoor (0.005605892)",34637
2122,50928,indoor,"shower (0.46083757), bathroom (0.18481179), bow_window/indoor (0.16968504), sauna (0.059611417), locker_room (0.036817726)",34637
2123,50952,indoor,"shower (0.38794202), bow_window/indoor (0.19811758), bathroom (0.18734851), sauna (0.06984052), kennel/outdoor (0.042124163)",34637
2124,50976,indoor,"bow_window/indoor (0.35416007), shower (0.19159403), bathroom (0.12189682), locker_room (0.096130826), sauna (0.063122645)",34637
2125,51000,indoor,"clean_room (0.23135154), bow_window/indoor (0.18551223), shower (0.10048058), bathroom (0.06434107), sauna (0.05996137)",34637
2126,51024,indoor,"server_room (0.5324322), archive (0.14475304), locker_room (0.13400792), clean_room (0.084913366), bank_vault (0.030934779)",34637
2127,51048,indoor,"bow_window/indoor (0.34674132), doorway/outdoor (0.2558491), elevator/door (0.06480981), clean_room (0.06268223), server_room (0.03382373)",34637
2128,51072,indoor,"locker_room (0.29263818), server_room (0.16035952), elevator/door (0.1260132), jail_cell (0.108159915), closet (0.10607663)",34637
2129,51096,indoor,"doorway/outdoor (0.41542813), elevator/door (0.2083981), closet (0.10157384), archive (0.048127696), server_room (0.042684752)",34637
2130,51120,indoor,"clean_room (0.1481116), shower (0.1267477), elevator_shaft (0.07905687), elevator/door (0.065231465), atrium/public (0.060312584)",34637
2131,51144,indoor,"shower (0.19482456), elevator_shaft (0.12981492), clean_room (0.12390489), locker_room (0.05921867), basement (0.047554754)",34637
2132,51168,indoor,"shower (0.18171427), elevator_shaft (0.1334752), clean_room (0.07703051), greenhouse/outdoor (0.07203016), atrium/public (0.048237644)",34637
2133,51192,indoor,"shower (0.10938478), clean_room (0.08603422), elevator_shaft (0.081931315), jail_cell (0.075219505), locker_room (0.066206805)",34637
2134,51216,indoor,"shower (0.09249484), jail_cell (0.0802698), closet (0.053964186), basement (0.05323952), corridor (0.05026985)",34637
2135,51240,indoor,"shower (0.62637866), jail_cell (0.1603186), bathroom (0.051819906), skyscraper (0.04414854), tower (0.01802892)",34637
2136,51264,indoor,"martial_arts_gym (0.2169384), locker_room (0.08830711), shower (0.06698379), clean_room (0.06220341), stage/indoor (0.0569674)",34637
2137,51288,indoor,"locker_room (0.39139098), barndoor (0.36024284), shower (0.09309313), elevator/door (0.054129858), closet (0.035759334)",34637
2138,51312,indoor,"barndoor (0.98801756), jail_cell (0.005143322), stable (0.0018401851), shower (0.0009502813), shed (0.0008868339)",34637
2139,51336,indoor,"jail_cell (0.26040304), sauna (0.18521531), bow_window/indoor (0.17172872), museum/indoor (0.06971605), shower (0.0399832)",34637
2140,51360,indoor,"bow_window/indoor (0.29995316), jail_cell (0.17276092), sauna (0.13094328), shower (0.081461735), museum/indoor (0.071870394)",34637
2141,51384,indoor,"sauna (0.28344727), shower (0.2110628), bow_window/indoor (0.16115136), jail_cell (0.13452072), museum/indoor (0.063195534)",34637
2142,51408,indoor,"sauna (0.22534098), shower (0.21550962), bow_window/indoor (0.1758457), jail_cell (0.11264814), museum/indoor (0.05346134)",34637
2143,51432,indoor,"shower (0.3084753), clean_room (0.07456009), ice_floe (0.06404475), wind_farm (0.047016993), locker_room (0.037622493)",34637
2144,51456,outdoor,"archive (0.13714692), ice_floe (0.13482025), ice_shelf (0.13475668), iceberg (0.10815254), clean_room (0.08653345)",34637
2145,51480,indoor,"barndoor (0.9783211), jail_cell (0.009635459), stable (0.0024313824), shed (0.0017915183), elevator/door (0.0015580633)",34637
2146,51504,indoor,"barndoor (0.96175987), jail_cell (0.020742537), stable (0.008041469), shed (0.0030330725), locker_room (0.0009703763)",34637
2147,51528,indoor,"barndoor (0.9822384), jail_cell (0.0073697143), stable (0.005344928), shed (0.0018818676), elevator/door (0.0005239331)",34637
2148,51552,indoor,"locker_room (0.7504959), barndoor (0.096086286), jail_cell (0.0372902), shower (0.030540861), closet (0.016157709)",34637
2149,51576,outdoor,"office_building (0.34051752), atrium/public (0.18079351), kennel/outdoor (0.06402181), barndoor (0.047595803), greenhouse/outdoor (0.041313022)",34637
2150,51600,indoor,"atrium/public (0.58489245), office_building (0.11285881), shopping_mall/indoor (0.040820643), greenhouse/outdoor (0.033362545), greenhouse/indoor (0.030590456)",34637
2151,51624,outdoor,"atrium/public (0.32653433), office_building (0.21325745), greenhouse/outdoor (0.07444967), kennel/outdoor (0.041479), greenhouse/indoor (0.038251985)",34637
2152,51648,outdoor,"atrium/public (0.23339793), office_building (0.15745589), barndoor (0.12687701), alley (0.051096167), bow_window/indoor (0.05056285)",34637
2153,51672,indoor,"jail_cell (0.3314228), barndoor (0.31773984), locker_room (0.22472136), shower (0.029298782), stable (0.020623874)",34637
2154,51696,indoor,"locker_room (0.19612356), shower (0.18439044), jail_cell (0.15680042), dressing_room (0.14116447), elevator/door (0.06925809)",34637
2155,51720,indoor,"shower (0.6010487), elevator/door (0.06921463), bathroom (0.06149182), locker_room (0.048844665), clean_room (0.04342212)",34637
2156,51744,indoor,"shower (0.4722456), bow_window/indoor (0.17065673), jail_cell (0.115675904), barndoor (0.11516757), elevator/door (0.029164948)",34637
2157,51768,indoor,"shower (0.40530136), jail_cell (0.1631466), bow_window/indoor (0.06940951), bathroom (0.040853065), tower (0.03676751)",34637
2158,51792,indoor,"dressing_room (0.21864389), locker_room (0.20384555), shower (0.13925846), clean_room (0.123966694), elevator/door (0.061132148)",34637
2159,51816,indoor,"clean_room (0.20917119), dressing_room (0.16455162), shower (0.12941685), locker_room (0.119339734), clothing_store (0.065190874)",34637
2160,51840,indoor,"dressing_room (0.13658552), clothing_store (0.1016913), martial_arts_gym (0.050221015), locker_room (0.0366891), classroom (0.03279999)",34637
2161,51864,outdoor,"crevasse (0.27363643), tower (0.18573686), glacier (0.09458321), ice_shelf (0.082062595), skyscraper (0.07265103)",34637
2162,51888,indoor,"skyscraper (0.16963725), shower (0.10908338), tower (0.08882309), jail_cell (0.06490531), elevator/door (0.032581877)",34637
2163,51912,indoor,"basement (0.30136594), shower (0.1512035), jail_cell (0.12902223), elevator/door (0.06863808), sauna (0.032436185)",34637
2164,51936,indoor,"shower (0.24722321), basement (0.12696956), jail_cell (0.09847398), elevator/door (0.08401894), hot_spring (0.029905796)",34637
2165,51960,indoor,"shower (0.51104087), elevator/door (0.077066876), jail_cell (0.05187083), bathroom (0.036815513), basement (0.034182046)",34637
2166,51984,indoor,"shower (0.17824975), elevator/door (0.17160194), jail_cell (0.11799124), basement (0.0884447), closet (0.045476817)",34637
2167,52008,indoor,"elevator/door (0.18187347), shower (0.13678932), jail_cell (0.057611685), basement (0.05511233), closet (0.04332907)",34637
2168,52032,indoor,"jail_cell (0.13107756), shower (0.108691774), elevator/door (0.09659432), basement (0.060823396), closet (0.049028896)",34637
2169,52056,indoor,"shower (0.2348592), elevator/door (0.07897528), jail_cell (0.068131894), ice_shelf (0.06356202), basement (0.06005885)",34637
2170,52080,outdoor,"igloo (0.6982282), water_tower (0.16055739), mosque/outdoor (0.03971051), tower (0.01945368), oast_house (0.012082078)",34637
2171,52104,outdoor,"iceberg (0.6555159), ice_shelf (0.17362718), ice_floe (0.094059594), igloo (0.015458597), lake/natural (0.011108118)",34637
2172,52128,outdoor,"ice_floe (0.5887125), ice_shelf (0.18998952), iceberg (0.09859112), lake/natural (0.0141899055), igloo (0.00901191)",34637
2173,52152,indoor,"science_museum (0.08811993), classroom (0.08262028), lecture_room (0.069400355), chemistry_lab (0.053253137), jail_cell (0.04927198)",34637
2174,52176,indoor,"science_museum (0.1664663), discotheque (0.1341204), clean_room (0.12300252), museum/indoor (0.11566902), natural_history_museum (0.070406854)",34637
2175,52200,indoor,"discotheque (0.20888624), museum/indoor (0.17551227), natural_history_museum (0.14550921), nursery (0.05971641), art_gallery (0.053315107)",34637
2176,52224,indoor,"iceberg (0.25233215), florist_shop/indoor (0.12756912), ice_floe (0.08390621), museum/indoor (0.0725134), natural_history_museum (0.0631591)",34637
2177,52248,outdoor,"iceberg (0.5308804), ice_floe (0.1026558), aquarium (0.045587413), igloo (0.039593548), sky (0.02050573)",34637
2178,52272,indoor,"corridor (0.11405574), dressing_room (0.08621822), discotheque (0.07474841), art_gallery (0.04795336), clean_room (0.040739562)",34637
2179,52296,outdoor,"office_building (0.2088858), atrium/public (0.17395848), kennel/outdoor (0.15814558), barndoor (0.09838483), greenhouse/outdoor (0.05331098)",34637
2180,52320,indoor,"atrium/public (0.5662546), office_building (0.15645166), shopping_mall/indoor (0.036079437), greenhouse/indoor (0.035973754), greenhouse/outdoor (0.029099947)",34637
2181,52344,indoor,"atrium/public (0.5116581), office_building (0.20300284), bow_window/indoor (0.036542688), shopping_mall/indoor (0.027050141), courtyard (0.022132937)",34637
2182,52368,indoor,"hangar/indoor (0.2635545), igloo (0.15871142), natural_history_museum (0.057023842), locker_room (0.04185758), ice_floe (0.040796578)",34637
2183,52392,indoor,"natural_history_museum (0.19743076), shower (0.1862333), science_museum (0.11625477), aquarium (0.081819385), clean_room (0.07560774)",34637
2184,52416,indoor,"clean_room (0.61507386), chemistry_lab (0.11093794), archive (0.07300056), locker_room (0.02550187), jail_cell (0.024993706)",34637
2185,52440,outdoor,"greenhouse/outdoor (0.11263666), dam (0.10221037), barndoor (0.084228516), jail_cell (0.072111666), ice_shelf (0.0503579)",34637
2186,52464,outdoor,"dam (0.117195666), kennel/outdoor (0.067039), wind_farm (0.049311697), jail_cell (0.04483401), ice_floe (0.0385693)",34637
2187,52488,outdoor,"igloo (0.36534712), dam (0.07856022), ice_floe (0.057714317), stable (0.051637918), viaduct (0.03531752)",34637
2188,52512,outdoor,"igloo (0.44090188), ice_shelf (0.10015906), jail_cell (0.089342974), ice_floe (0.056451265), locker_room (0.048356313)",34637
2189,52536,outdoor,"greenhouse/outdoor (0.15173349), shed (0.14354663), barndoor (0.09197512), kennel/outdoor (0.078280196), igloo (0.06962462)",34637
2190,52560,indoor,"clean_room (0.27772385), igloo (0.11241977), ice_floe (0.108284995), locker_room (0.07432959), jail_cell (0.038500503)",34637
2191,52584,indoor,"clean_room (0.22057202), jail_cell (0.10036395), locker_room (0.06412817), igloo (0.05519259), shed (0.042262718)",34637
2192,52608,indoor,"clean_room (0.49553648), shower (0.11327258), bathroom (0.058413386), chemistry_lab (0.050146732), locker_room (0.04618141)",34637
2193,52632,indoor,"clean_room (0.3683188), clothing_store (0.11436909), gift_shop (0.06332167), shower (0.051134), nursery (0.04241958)",34637
2194,52656,indoor,"clean_room (0.40855962), clothing_store (0.09072922), archive (0.061376147), locker_room (0.053460397), museum/indoor (0.041265808)",34637
2195,52680,indoor,"clean_room (0.29846826), archive (0.114613876), clothing_store (0.05375071), locker_room (0.052755248), nursery (0.05093848)",34637
2196,52704,indoor,"clean_room (0.4763584), locker_room (0.07111484), jail_cell (0.06327646), martial_arts_gym (0.05763192), chemistry_lab (0.036806017)",34637
2197,52728,indoor,"igloo (0.21201195), clean_room (0.12377839), chemistry_lab (0.055616967), jail_cell (0.043310136), nursery (0.038957942)",34637
2198,52752,indoor,"locker_room (0.26634905), ice_skating_rink/indoor (0.08313856), ice_floe (0.08105748), ice_shelf (0.054674916), clean_room (0.046836566)",34637
2199,52776,indoor,"attic (0.22093666), basement (0.15540722), clean_room (0.09725692), jail_cell (0.056086086), corridor (0.0443249)",34637
2200,52800,indoor,"basement (0.20529102), attic (0.1281432), bathroom (0.084339045), jail_cell (0.08280474), clean_room (0.048869316)",34637
2201,52824,indoor,"swimming_pool/indoor (0.30988124), bathroom (0.09734864), locker_room (0.08747431), jacuzzi/indoor (0.052736033), shower (0.044966444)",34637
2202,52848,indoor,"locker_room (0.7834386), server_room (0.03682741), basement (0.030149756), archive (0.030129837), clean_room (0.020083683)",34637
2203,52872,indoor,"jewelry_shop (0.53394204), locker_room (0.09389587), server_room (0.054852344), clothing_store (0.05481511), clean_room (0.04153858)",34637
2204,52896,indoor,"jewelry_shop (0.30407795), clean_room (0.24016449), server_room (0.07189361), ice_shelf (0.06912873), art_gallery (0.04227613)",34637
2205,52920,indoor,"airport_terminal (0.13677682), clean_room (0.09551128), server_room (0.08519691), ice_shelf (0.0708162), staircase (0.048218105)",34637
2206,52944,indoor,"clean_room (0.18736404), airport_terminal (0.17096767), lobby (0.087003455), office_cubicles (0.08319484), atrium/public (0.08263042)",34637
2207,52968,indoor,"atrium/public (0.42608646), lobby (0.10792104), office_cubicles (0.08628021), shopping_mall/indoor (0.07994453), corridor (0.033488814)",34637
2208,52992,indoor,"atrium/public (0.2768671), airport_terminal (0.1390726), server_room (0.07613613), lobby (0.07174352), office_cubicles (0.06488222)",34637
2209,53016,indoor,"clean_room (0.16260979), balcony/interior (0.11226758), jewelry_shop (0.090032585), office_cubicles (0.07038406), reception (0.0653233)",34637
2210,53040,indoor,"archive (0.36667034), ice_shelf (0.21140312), ice_floe (0.105107225), jewelry_shop (0.034902893), locker_room (0.020422567)",34637
2211,53064,indoor,"server_room (0.5736735), archive (0.063462116), lobby (0.05338366), locker_room (0.04468449), airport_terminal (0.042712346)",34637
2212,53088,indoor,"server_room (0.34406903), archive (0.29362947), locker_room (0.16776982), clean_room (0.034368385), jewelry_shop (0.027901517)",34637
2213,53112,indoor,"entrance_hall (0.3528861), locker_room (0.11504028), corridor (0.061892632), artists_loft (0.055559143), basement (0.049919374)",34637
2214,53136,indoor,"bow_window/indoor (0.26310152), artists_loft (0.2490197), shower (0.19741018), museum/indoor (0.09036467), clean_room (0.044701178)",34637
2215,53160,indoor,"bow_window/indoor (0.9319933), artists_loft (0.017101925), museum/indoor (0.008922229), closet (0.0053502214), archive (0.005177533)",34637
2216,53184,indoor,"bow_window/indoor (0.5937301), shower (0.24832417), jail_cell (0.072289474), clean_room (0.01848165), museum/indoor (0.008504449)",34637
2217,53208,indoor,"bow_window/indoor (0.5417797), shower (0.14730646), artists_loft (0.06635922), jail_cell (0.062985964), atrium/public (0.043026634)",34637
2218,53232,indoor,"bow_window/indoor (0.6457777), jail_cell (0.16113572), shower (0.08584526), barndoor (0.0135270925), bathroom (0.0076157493)",34637
2219,53256,indoor,"bow_window/indoor (0.5027439), jail_cell (0.2433507), archive (0.031318374), museum/indoor (0.027269166), locker_room (0.021047557)",34637
2220,53280,indoor,"bow_window/indoor (0.34390923), shower (0.26330718), jail_cell (0.14339073), elevator/door (0.03975537), locker_room (0.033337574)",34637
2221,53304,indoor,"bow_window/indoor (0.35904285), jail_cell (0.35193348), archive (0.035325717), shower (0.025996616), clean_room (0.025683884)",34637
2222,53328,indoor,"bow_window/indoor (0.5957623), jail_cell (0.1749361), shower (0.04123678), archive (0.03443619), alcove (0.020103047)",34637
2223,53352,indoor,"entrance_hall (0.6557715), staircase (0.27339202), mezzanine (0.026023427), artists_loft (0.015438382), atrium/public (0.0069020153)",34637
2224,53376,indoor,"staircase (0.8026388), entrance_hall (0.13157351), mezzanine (0.037402157), escalator/indoor (0.007127259), artists_loft (0.0068875644)",34637
2225,53400,indoor,"art_gallery (0.2611919), art_studio (0.2009032), artists_loft (0.16801001), clean_room (0.10495556), staircase (0.07626233)",34637
2226,53424,indoor,"shower (0.72533804), bathroom (0.17025365), clean_room (0.07661794), dressing_room (0.009661074), locker_room (0.0049704732)",34637
2227,53448,indoor,"shower (0.68071413), bow_window/indoor (0.082256086), locker_room (0.055689055), bathroom (0.05457325), elevator/door (0.029978113)",34637
2228,53472,indoor,"bow_window/indoor (0.9194026), clean_room (0.02655723), barndoor (0.014686141), elevator/door (0.008629627), shower (0.006438972)",34637
2229,53496,indoor,"bow_window/indoor (0.4577764), clean_room (0.13830763), museum/indoor (0.117475025), clothing_store (0.07677942), elevator/door (0.033268116)",34637
2230,53520,indoor,"clean_room (0.37751654), dressing_room (0.23901035), shower (0.1174508), clothing_store (0.10352381), museum/indoor (0.060941562)",34637
2231,53544,indoor,"museum/indoor (0.53253174), dressing_room (0.20778328), elevator/door (0.10284538), shower (0.03120766), clean_room (0.03108786)",34637
2232,53568,indoor,"clean_room (0.43772084), dressing_room (0.2715943), bow_window/indoor (0.07444777), beauty_salon (0.047284983), shower (0.033815265)",34637
2233,53592,indoor,"dressing_room (0.7230753), clean_room (0.07661938), clothing_store (0.061527308), locker_room (0.043008443), shower (0.0391816)",34637
2234,53616,indoor,"dressing_room (0.69236207), clean_room (0.10994057), shower (0.08084468), clothing_store (0.048552744), locker_room (0.030934049)",34637
2235,53640,indoor,"dressing_room (0.72715515), shower (0.16402134), locker_room (0.046130843), clean_room (0.02588012), elevator/door (0.0092104245)",34637
2236,53664,indoor,"clean_room (0.6777083), locker_room (0.077899784), dressing_room (0.042668324), archive (0.03460321), shower (0.020440452)",34637
2237,53688,indoor,"dressing_room (0.7144358), shower (0.17119172), locker_room (0.05333191), elevator/door (0.022176376), clean_room (0.011487257)",34637
2238,53712,indoor,"dressing_room (0.66575074), clean_room (0.15807493), locker_room (0.057899952), archive (0.01898087), shower (0.018458877)",34637
2239,53736,indoor,"clean_room (0.37372836), locker_room (0.25137663), dressing_room (0.22981256), shower (0.090625994), elevator/door (0.03501011)",34637
2240,53760,indoor,"shower (0.8445287), dressing_room (0.06631497), clean_room (0.029112061), elevator/door (0.022574326), locker_room (0.017478809)",34637
2241,53784,indoor,"dressing_room (0.6004662), locker_room (0.12656859), shower (0.10935395), clean_room (0.08345711), elevator/door (0.031422235)",34637
2242,53808,indoor,"dressing_room (0.5792242), locker_room (0.22335385), clean_room (0.13177036), archive (0.020252166), museum/indoor (0.011194627)",34637
2243,53832,indoor,"dressing_room (0.4789501), locker_room (0.29075846), clean_room (0.120374225), shower (0.031378355), museum/indoor (0.018240763)",34637
2244,53856,indoor,"locker_room (0.37741756), dressing_room (0.32273), elevator/door (0.11914427), shower (0.0665346), clean_room (0.05856793)",34637
2245,53880,indoor,"dressing_room (0.55436176), locker_room (0.31592423), clean_room (0.052596122), shower (0.022408077), elevator/door (0.021477807)",34637
2246,53904,indoor,"dressing_room (0.5143497), locker_room (0.2469572), clean_room (0.14798388), shower (0.026919452), sauna (0.020923108)",34637
2247,53928,indoor,"dressing_room (0.36066443), locker_room (0.2833772), clean_room (0.24049774), elevator/door (0.03816082), shower (0.025837284)",34637
2248,53952,indoor,"locker_room (0.42190695), dressing_room (0.3897442), clean_room (0.13442251), elevator/door (0.020679219), shower (0.010595162)",34637
2249,53976,indoor,"dressing_room (0.4817325), locker_room (0.34177023), clean_room (0.1397002), elevator/door (0.012455107), sauna (0.007804114)",34637
2250,54000,indoor,"dressing_room (0.58759224), locker_room (0.20120661), clean_room (0.17783058), elevator/door (0.013576063), sauna (0.004451736)",34637
2251,54024,indoor,"dressing_room (0.46043247), clean_room (0.31990215), locker_room (0.16571349), elevator/door (0.017190676), shower (0.014049395)",34637
2252,54048,indoor,"dressing_room (0.63595253), clean_room (0.2197659), locker_room (0.1019802), museum/indoor (0.014229963), elevator/door (0.009214299)",34637
2253,54072,indoor,"clean_room (0.5706677), dressing_room (0.19854921), locker_room (0.13358675), museum/indoor (0.034646805), elevator/door (0.014366105)",34637
2254,54096,indoor,"clean_room (0.48721406), dressing_room (0.27583882), locker_room (0.101504765), museum/indoor (0.08893761), elevator/door (0.010812739)",34637
2255,54120,indoor,"clean_room (0.3997805), locker_room (0.3408304), dressing_room (0.1626584), museum/indoor (0.04316135), sauna (0.016395861)",34637
2256,54144,indoor,"clean_room (0.41037622), dressing_room (0.31450358), locker_room (0.21406288), archive (0.015831094), museum/indoor (0.014826974)",34637
2257,54168,indoor,"clean_room (0.4989493), dressing_room (0.21445896), locker_room (0.20666333), museum/indoor (0.018326275), archive (0.015953394)",34637
2258,54192,indoor,"locker_room (0.33195797), clean_room (0.30370134), dressing_room (0.15689664), shower (0.08344925), sauna (0.042858273)",34637
2259,54216,indoor,"locker_room (0.51441264), clean_room (0.18387415), dressing_room (0.16535777), shower (0.060761444), sauna (0.019857934)",34637
2260,54240,indoor,"locker_room (0.38662583), clean_room (0.22734152), dressing_room (0.21404308), shower (0.0542493), elevator/door (0.030958822)",34637
2261,54264,indoor,"shower (0.23681001), locker_room (0.22900026), dressing_room (0.22014718), clean_room (0.18186712), elevator/door (0.050659787)",34637
2262,54288,indoor,"locker_room (0.28953537), dressing_room (0.26577547), clean_room (0.110041745), elevator/door (0.09717005), museum/indoor (0.06729283)",34637
2263,54312,indoor,"clean_room (0.21611317), locker_room (0.18076071), dressing_room (0.13605346), archive (0.11504204), elevator/door (0.10215758)",34637
2264,54336,indoor,"dressing_room (0.33027977), elevator/door (0.12113233), locker_room (0.118937574), music_studio (0.1108024), archive (0.08045232)",34637
2265,54360,indoor,"clean_room (0.27654532), elevator/door (0.22638595), archive (0.13221598), dressing_room (0.08042802), locker_room (0.06452744)",34637
2266,54384,indoor,"clean_room (0.40282074), locker_room (0.15250322), elevator/door (0.1392669), archive (0.1289124), dressing_room (0.033863936)",34637
2267,54408,indoor,"dressing_room (0.5546598), clean_room (0.1512417), locker_room (0.13469006), elevator/door (0.065539606), shower (0.027832268)",34637
2268,54432,indoor,"dressing_room (0.66836), clean_room (0.2224687), locker_room (0.05735196), music_studio (0.00874209), elevator/door (0.007015309)",34637
2269,54456,indoor,"clean_room (0.48925775), dressing_room (0.42966616), locker_room (0.025917744), museum/indoor (0.010710817), elevator/door (0.0057896306)",34637
2270,54480,indoor,"dressing_room (0.76055324), clean_room (0.16406696), locker_room (0.034839183), shower (0.009621622), elevator/door (0.006016115)",34637
2271,54504,indoor,"dressing_room (0.55912924), clean_room (0.31122872), locker_room (0.03749367), sauna (0.022397077), shower (0.019359168)",34637
2272,54528,indoor,"shower (0.48363593), clean_room (0.18732929), dressing_room (0.13629666), locker_room (0.0704759), bathroom (0.038054045)",34637
2273,54552,indoor,"clean_room (0.32709527), dressing_room (0.25434053), office_cubicles (0.042660676), office (0.040577795), archive (0.039845202)",34637
2274,54576,indoor,"staircase (0.5438942), clean_room (0.22554421), dressing_room (0.051657945), entrance_hall (0.0437232), museum/indoor (0.013185211)",34637
2275,54600,indoor,"staircase (0.7837542), dressing_room (0.11146774), entrance_hall (0.024431655), nursery (0.023578294), music_studio (0.008530269)",34637
2276,54624,indoor,"staircase (0.29884493), dressing_room (0.2453856), clean_room (0.15358739), nursery (0.10057878), gymnasium/indoor (0.038763188)",34637
2277,54648,indoor,"staircase (0.47033688), dressing_room (0.16698514), artists_loft (0.061161153), art_gallery (0.0555015), nursery (0.04861663)",34637
2278,54672,indoor,"staircase (0.36035174), artists_loft (0.10007761), art_gallery (0.093291484), dressing_room (0.07677579), museum/indoor (0.05440093)",34637
2279,54696,indoor,"staircase (0.6936427), museum/indoor (0.09678654), art_gallery (0.07659783), artists_loft (0.0459298), entrance_hall (0.028996391)",34637
2280,54720,indoor,"staircase (0.6638432), museum/indoor (0.19002238), entrance_hall (0.042295165), art_gallery (0.036246214), clean_room (0.02574522)",34637
2281,54744,indoor,"staircase (0.7755578), museum/indoor (0.10293798), entrance_hall (0.07090028), art_gallery (0.015881302), artists_loft (0.008756439)",34637
2282,54768,indoor,"staircase (0.70802116), museum/indoor (0.11674616), entrance_hall (0.08208846), clean_room (0.023570409), art_gallery (0.019645585)",34637
2283,54792,indoor,"staircase (0.7265016), museum/indoor (0.13643506), entrance_hall (0.070358865), art_gallery (0.018998224), clean_room (0.009115822)",34637
2284,54816,indoor,"staircase (0.43020162), museum/indoor (0.40041572), entrance_hall (0.09416314), art_gallery (0.039858177), artists_loft (0.009838505)",34637
2285,54840,indoor,"staircase (0.43665713), museum/indoor (0.3691702), entrance_hall (0.11619569), art_gallery (0.020943737), clean_room (0.014167267)",34637
2286,54864,indoor,"clean_room (0.8272719), staircase (0.08717735), entrance_hall (0.01693558), museum/indoor (0.012378358), dressing_room (0.0072573316)",34637
2287,54888,outdoor,"iceberg (0.24542153), aquarium (0.24484946), pond (0.10942547), underwater/ocean_deep (0.088062964), ice_floe (0.08396858)",34637
2288,54912,outdoor,"pond (0.2224881), iceberg (0.15434526), aquarium (0.13498093), ice_floe (0.09253622), underwater/ocean_deep (0.058778495)",34637
2289,54936,outdoor,"aquarium (0.21812), iceberg (0.16888644), pond (0.12848987), underwater/ocean_deep (0.09593761), ice_floe (0.060399108)",34637
2290,54960,outdoor,"aquarium (0.37021583), pond (0.12970038), iceberg (0.11039667), underwater/ocean_deep (0.09361397), discotheque (0.033703182)",34637
2291,54984,outdoor,"aquarium (0.39068672), pond (0.15171883), underwater/ocean_deep (0.13922235), iceberg (0.07948565), ice_floe (0.030376017)",34637
2292,55008,outdoor,"aquarium (0.34783486), iceberg (0.21962328), underwater/ocean_deep (0.11638471), pond (0.050580766), ice_floe (0.04880059)",34637
2293,55032,outdoor,"shower (0.24903531), hot_spring (0.11124603), pond (0.08791787), underwater/ocean_deep (0.06570148), aquarium (0.05446335)",34637
2294,55056,indoor,"shower (0.17231652), hot_spring (0.12972972), basement (0.07622454), museum/indoor (0.055698186), art_gallery (0.047817428)",34637
2295,55080,outdoor,"hot_spring (0.15601498), shower (0.06910501), iceberg (0.057491317), museum/indoor (0.049822032), igloo (0.04575885)",34637
2296,55104,outdoor,"iceberg (0.37201762), ice_shelf (0.13227096), ice_floe (0.048310388), hot_spring (0.044749208), igloo (0.03591198)",34637
2297,55128,indoor,"discotheque (0.32084146), shower (0.1921113), chemistry_lab (0.05565181), museum/indoor (0.03309148), dressing_room (0.031259067)",34637
2298,55152,indoor,"stage/indoor (0.49552208), discotheque (0.20852461), museum/indoor (0.13835695), music_studio (0.067265175), art_gallery (0.029292861)",34637
2299,55176,indoor,"museum/indoor (0.48372936), discotheque (0.14018847), stage/indoor (0.1274776), dressing_room (0.066448145), art_gallery (0.042683486)",34637
2300,55200,indoor,"museum/indoor (0.63030696), art_gallery (0.06897477), stage/indoor (0.06686545), discotheque (0.063668944), archive (0.046975557)",34637
2301,55224,indoor,"discotheque (0.3664976), stage/indoor (0.24999973), museum/indoor (0.20462745), music_studio (0.04535248), dressing_room (0.03242432)",34637
2302,55248,indoor,"museum/indoor (0.28531674), discotheque (0.1813907), stage/indoor (0.059311286), shower (0.058480058), art_gallery (0.056524917)",34637
2303,55272,indoor,"shower (0.26175016), hot_spring (0.09621163), discotheque (0.080982976), stage/indoor (0.048661172), igloo (0.0397647)",34637
2304,55296,indoor,"igloo (0.19524063), shower (0.10050849), hot_spring (0.07584533), museum/indoor (0.06720703), discotheque (0.034876294)",34637
2305,55320,indoor,"museum/indoor (0.55583227), art_gallery (0.1560333), shower (0.04906075), science_museum (0.03839151), natural_history_museum (0.037112158)",34637
2306,55344,indoor,"museum/indoor (0.71309), art_gallery (0.09989934), shower (0.056733847), beauty_salon (0.03211019), dressing_room (0.031170469)",34637
2307,55368,indoor,"museum/indoor (0.59411377), art_gallery (0.1439528), beauty_salon (0.05397854), shower (0.051452678), natural_history_museum (0.0401071)",34637
2308,55392,indoor,"museum/indoor (0.7396544), art_gallery (0.12312229), science_museum (0.0266114), dressing_room (0.026334874), beauty_salon (0.022817357)",34637
2309,55416,indoor,"iceberg (0.27968112), shower (0.1113434), bathroom (0.092397496), aquarium (0.045109753), ice_floe (0.042376693)",34637
2310,55440,outdoor,"iceberg (0.3987238), ice_shelf (0.21742837), ice_floe (0.117395304), crevasse (0.047233015), glacier (0.041177038)",34637
2311,55464,outdoor,"iceberg (0.49031922), ice_shelf (0.15296327), ice_floe (0.08959274), crevasse (0.05331095), glacier (0.04749147)",34637
2312,55488,indoor,"museum/indoor (0.3480798), ice_cream_parlor (0.16982296), iceberg (0.1045437), ice_floe (0.09246896), aquarium (0.08224344)",34637
2313,55512,indoor,"museum/indoor (0.45802176), aquarium (0.1289154), ice_floe (0.07628558), iceberg (0.063347206), science_museum (0.04153453)",34637
2314,55536,indoor,"museum/indoor (0.49633637), aquarium (0.11159472), iceberg (0.066486314), clean_room (0.044268996), science_museum (0.04043397)",34637
2315,55560,indoor,"museum/indoor (0.5645713), ice_cream_parlor (0.10068148), aquarium (0.072793014), iceberg (0.05689561), ice_floe (0.031394713)",34637
2316,55584,outdoor,"iceberg (0.51222414), igloo (0.12340271), ice_shelf (0.09783216), ice_floe (0.09726282), hot_spring (0.022419538)",34637
2317,55608,outdoor,"iceberg (0.3067412), ice_shelf (0.21564142), ice_floe (0.10337342), glacier (0.05395266), crevasse (0.036529858)",34637
2318,55632,indoor,"shower (0.60785866), museum/indoor (0.086236365), art_gallery (0.0572966), natural_history_museum (0.05042817), clean_room (0.03861042)",34637
2319,55656,indoor,"shower (0.4694001), museum/indoor (0.1148967), natural_history_museum (0.062545806), clean_room (0.05657431), art_gallery (0.05409931)",34637
2320,55680,indoor,"shower (0.3748462), museum/indoor (0.23912333), art_gallery (0.13821973), natural_history_museum (0.07661113), dressing_room (0.06456357)",34637
2321,55704,indoor,"clean_room (0.2947953), museum/indoor (0.2356386), shower (0.16653347), art_gallery (0.08278402), chemistry_lab (0.036212835)",34637
2322,55728,outdoor,"igloo (0.6004138), iceberg (0.066307425), shower (0.035748485), museum/indoor (0.02572335), ice_shelf (0.023466943)",34637
2323,55752,outdoor,"igloo (0.53738284), iceberg (0.13738021), ice_shelf (0.048283946), ice_floe (0.022259586), shower (0.016462695)",34637
2324,55776,indoor,"museum/indoor (0.6167482), discotheque (0.11513963), dressing_room (0.063874416), art_gallery (0.05700848), stage/indoor (0.034220893)",34637
2325,55800,indoor,"museum/indoor (0.51196796), discotheque (0.18313387), stage/indoor (0.12023529), art_gallery (0.050691113), dressing_room (0.03212121)",34637
2326,55824,indoor,"museum/indoor (0.73452955), discotheque (0.07452679), art_gallery (0.05723673), stage/indoor (0.044648718), dressing_room (0.03902175)",34637
2327,55848,indoor,"discotheque (0.42082673), museum/indoor (0.3147095), stage/indoor (0.11032991), art_gallery (0.031494986), music_studio (0.031006552)",34637
2328,55872,indoor,"museum/indoor (0.6504957), discotheque (0.127507), art_gallery (0.056710217), stage/indoor (0.043449067), dressing_room (0.027482282)",34637
2329,55896,indoor,"discotheque (0.3458124), museum/indoor (0.3122129), stage/indoor (0.15930407), dressing_room (0.044147503), music_studio (0.039610337)",34637
2330,55920,indoor,"igloo (0.44640064), hot_spring (0.16522133), discotheque (0.07625046), shower (0.06908346), aquarium (0.02442819)",34637
2331,55944,indoor,"igloo (0.23959316), shower (0.092144445), museum/indoor (0.059178047), discotheque (0.038385898), hot_spring (0.037396807)",34637
2332,55968,outdoor,"iceberg (0.33168012), ice_shelf (0.21778806), ice_floe (0.08795784), glacier (0.051115204), crevasse (0.045677535)",34637
2333,55992,indoor,"ice_floe (0.22361013), museum/indoor (0.18171313), discotheque (0.101027355), aquarium (0.089720294), iceberg (0.086509995)",34637
2334,56016,indoor,"discotheque (0.23769693), sky (0.1648738), museum/indoor (0.12086584), igloo (0.07890268), stage/indoor (0.06898247)",34637
2335,56040,indoor,"museum/indoor (0.26046172), discotheque (0.15205033), igloo (0.11431634), arch (0.08585398), stage/indoor (0.06344784)",34637
2336,56064,outdoor,"igloo (0.26596785), iceberg (0.19388428), ice_floe (0.1888145), sky (0.08786859), ice_shelf (0.07524865)",34637
2337,56088,outdoor,"iceberg (0.41314554), ice_shelf (0.14927116), ice_floe (0.087763205), igloo (0.07007119), glacier (0.044367753)",34637
2338,56112,outdoor,"iceberg (0.15294111), ice_shelf (0.13189988), ice_floe (0.1131965), igloo (0.10980577), shower (0.059091553)",34637
2339,56136,indoor,"shower (0.3209351), discotheque (0.1498907), art_gallery (0.11314872), museum/indoor (0.103989564), bathroom (0.0379241)",34637
2340,56160,indoor,"museum/indoor (0.46851525), art_gallery (0.21946955), iceberg (0.06091759), shower (0.055262025), clean_room (0.049947366)",34637
2341,56184,indoor,"museum/indoor (0.42064893), art_gallery (0.2703484), iceberg (0.09788008), clean_room (0.046619996), ice_floe (0.029018132)",34637
2342,56208,indoor,"art_gallery (0.20864147), museum/indoor (0.18148309), iceberg (0.09448063), shower (0.08374265), clean_room (0.06665123)",34637
2343,56232,outdoor,"iceberg (0.5620219), ice_shelf (0.20397039), glacier (0.063142374), ice_floe (0.042765077), mountain_snowy (0.023996457)",34637
2344,56256,outdoor,"iceberg (0.35543275), ice_shelf (0.33109537), ice_floe (0.11936588), glacier (0.034240082), igloo (0.021958042)",34637
2345,56280,outdoor,"igloo (0.26538378), iceberg (0.15584253), hot_spring (0.107838094), shower (0.10134591), ice_floe (0.06065036)",34637
2346,56304,indoor,"shower (0.4999457), igloo (0.115066275), science_museum (0.047668017), discotheque (0.04205984), hot_spring (0.036233377)",34637
2347,56328,outdoor,"igloo (0.7375813), iceberg (0.06764035), shower (0.057125296), ice_floe (0.02740094), aquarium (0.017377136)",34637
2348,56352,outdoor,"hot_spring (0.27957657), shower (0.082482874), igloo (0.07787914), ice_shelf (0.070535034), mountain_snowy (0.06503525)",34637
2349,56376,outdoor,"shower (0.16786008), hot_spring (0.13995604), museum/indoor (0.045511108), ice_floe (0.028971773), igloo (0.027866146)",34637
2350,56400,outdoor,"iceberg (0.23214537), ice_shelf (0.11039535), hot_spring (0.08329825), igloo (0.054838475), bedroom (0.046664454)",34637
2351,56424,indoor,"dressing_room (0.67611104), art_gallery (0.09026083), museum/indoor (0.080656745), discotheque (0.05704521), stage/indoor (0.015753293)",34637
2352,56448,indoor,"dressing_room (0.4161462), museum/indoor (0.23532988), art_gallery (0.21578223), discotheque (0.026739161), science_museum (0.02241001)",34637
2353,56472,indoor,"dressing_room (0.57003427), art_gallery (0.13694161), museum/indoor (0.12637074), discotheque (0.062203668), science_museum (0.015235846)",34637
2354,56496,indoor,"dressing_room (0.556162), art_gallery (0.1706887), museum/indoor (0.16219911), discotheque (0.026759906), science_museum (0.014952409)",34637
2355,56520,indoor,"dressing_room (0.35851485), museum/indoor (0.25607464), art_gallery (0.19562545), discotheque (0.050598755), science_museum (0.02635725)",34637
2356,56544,indoor,"museum/indoor (0.33840296), dressing_room (0.28019404), art_gallery (0.23656188), discotheque (0.032929756), science_museum (0.021642212)",34637
2357,56568,indoor,"dressing_room (0.3105134), museum/indoor (0.25268334), art_gallery (0.23042564), discotheque (0.07018724), stage/indoor (0.032845814)",34637
2358,56592,indoor,"dressing_room (0.2052612), museum/indoor (0.18227673), art_gallery (0.16435371), discotheque (0.121849306), stage/indoor (0.053667534)",34637
2359,56616,outdoor,"igloo (0.40791735), ice_shelf (0.07902173), basement (0.06861099), shower (0.051740453), iceberg (0.046527147)",34637
2360,56640,indoor,"shower (0.17840268), jail_cell (0.1762), basement (0.14214274), locker_room (0.024420476), archive (0.023828253)",34637
2361,56664,indoor,"clean_room (0.97018987), chemistry_lab (0.012926583), biology_laboratory (0.0027546352), hospital_room (0.0025428135), dressing_room (0.0016368948)",34637
2362,56688,indoor,"chemistry_lab (0.53667104), clean_room (0.23824221), biology_laboratory (0.20688617), physics_laboratory (0.011455688), pharmacy (0.0037814477)",34637
2363,56712,indoor,"chemistry_lab (0.5574601), biology_laboratory (0.23162858), clean_room (0.19543996), physics_laboratory (0.006051916), pharmacy (0.0059115207)",34637
2364,56736,indoor,"chemistry_lab (0.4029816), clean_room (0.39755964), biology_laboratory (0.17855547), physics_laboratory (0.0111923), pharmacy (0.005395237)",34637
2365,56760,indoor,"chemistry_lab (0.46406233), biology_laboratory (0.2843685), clean_room (0.21454003), physics_laboratory (0.020700414), pharmacy (0.008365479)",34637
2366,56784,indoor,"chemistry_lab (0.41605), clean_room (0.35473332), biology_laboratory (0.19004175), pharmacy (0.01630294), drugstore (0.010155698)",34637
2367,56808,indoor,"chemistry_lab (0.4691644), clean_room (0.2693234), biology_laboratory (0.21538742), pharmacy (0.020708123), drugstore (0.012103457)",34637
2368,56832,indoor,"chemistry_lab (0.6232613), clean_room (0.17915618), biology_laboratory (0.16350888), pharmacy (0.016051913), drugstore (0.008374205)",34637
2369,56856,indoor,"chemistry_lab (0.55371195), clean_room (0.23655228), biology_laboratory (0.18195479), pharmacy (0.012992571), physics_laboratory (0.00758924)",34637
2370,56880,indoor,"chemistry_lab (0.4476228), clean_room (0.3416818), biology_laboratory (0.18602303), pharmacy (0.011119024), physics_laboratory (0.0068205777)",34637
2371,56904,indoor,"chemistry_lab (0.45673048), biology_laboratory (0.2736062), clean_room (0.23151802), pharmacy (0.015752701), physics_laboratory (0.011703466)",34637
2372,56928,indoor,"chemistry_lab (0.5489321), biology_laboratory (0.28208354), clean_room (0.116294235), pharmacy (0.02862538), drugstore (0.015107392)",34637
2373,56952,indoor,"chemistry_lab (0.4992608), biology_laboratory (0.2473166), clean_room (0.19757666), pharmacy (0.023543218), physics_laboratory (0.016353155)",34637
2374,56976,indoor,"chemistry_lab (0.5780407), biology_laboratory (0.20140259), clean_room (0.19200602), physics_laboratory (0.012892697), pharmacy (0.008262239)",34637
2375,57000,indoor,"chemistry_lab (0.5433476), biology_laboratory (0.28331828), clean_room (0.1346309), pharmacy (0.013456435), drugstore (0.012866267)",34637
2376,57024,indoor,"chemistry_lab (0.6188975), biology_laboratory (0.24409744), clean_room (0.111567676), pharmacy (0.009037641), physics_laboratory (0.007878163)",34637
2377,57048,indoor,"clean_room (0.6200098), chemistry_lab (0.28615054), biology_laboratory (0.0788469), physics_laboratory (0.00445359), drugstore (0.004131672)",34637
2378,57072,indoor,"chemistry_lab (0.5442125), clean_room (0.36204413), biology_laboratory (0.08340056), physics_laboratory (0.0051331124), drugstore (0.0020749383)",34637
2379,57096,indoor,"chemistry_lab (0.5837931), clean_room (0.26976085), biology_laboratory (0.12616107), drugstore (0.008312682), pharmacy (0.006013002)",34637
2380,57120,indoor,"clean_room (0.51370543), chemistry_lab (0.34990662), biology_laboratory (0.09538841), drugstore (0.01794433), pharmacy (0.015571328)",34637
2381,57144,indoor,"clean_room (0.4762166), chemistry_lab (0.31225568), biology_laboratory (0.037532084), physics_laboratory (0.035394523), operating_room (0.018670185)",34637
2382,57168,indoor,"clean_room (0.9477485), chemistry_lab (0.023854336), biology_laboratory (0.0097496705), physics_laboratory (0.005546402), operating_room (0.0037727708)",34637
2383,57192,indoor,"clean_room (0.9977539), chemistry_lab (0.0006854666), locker_room (0.00025044373), operating_room (0.00018938321), restaurant_kitchen (0.00016105226)",34637
2384,57216,indoor,"clean_room (0.99453944), operating_room (0.0017384148), locker_room (0.00093077443), hospital_room (0.00081777014), chemistry_lab (0.0005542801)",34637
2385,57240,indoor,"beauty_salon (0.9731525), pharmacy (0.012636273), drugstore (0.0074835746), biology_laboratory (0.0020707343), chemistry_lab (0.0013051479)",34637
2386,57264,indoor,"pharmacy (0.45225775), clean_room (0.1770555), drugstore (0.1593853), archive (0.061340593), biology_laboratory (0.04849762)",34637
2387,57288,indoor,"clean_room (0.6036678), biology_laboratory (0.16313206), beauty_salon (0.07418519), chemistry_lab (0.059527334), archive (0.03370889)",34637
2388,57312,indoor,"clean_room (0.82904965), drugstore (0.056967385), pharmacy (0.048091818), chemistry_lab (0.030119812), biology_laboratory (0.02232505)",34637
2389,57336,indoor,"clean_room (0.5851569), chemistry_lab (0.2206863), biology_laboratory (0.1386364), physics_laboratory (0.03077997), assembly_line (0.0071489066)",34637
2390,57360,indoor,"chemistry_lab (0.33850586), clean_room (0.32436648), biology_laboratory (0.2564663), physics_laboratory (0.025304327), drugstore (0.02314468)",34637
2391,57384,indoor,"clean_room (0.80016905), chemistry_lab (0.07173931), biology_laboratory (0.067639515), physics_laboratory (0.024868265), beauty_salon (0.006104293)",34637
2392,57408,indoor,"clean_room (0.95572394), biology_laboratory (0.01661245), chemistry_lab (0.013253697), physics_laboratory (0.010003892), assembly_line (0.0011275563)",34637
2393,57432,indoor,"clean_room (0.9887123), physics_laboratory (0.004571033), chemistry_lab (0.0031681408), biology_laboratory (0.002680287), operating_room (0.00042169102)",34637
2394,57456,indoor,"clean_room (0.9947284), physics_laboratory (0.002314422), chemistry_lab (0.0014845548), biology_laboratory (0.0009720548), operating_room (0.00018592284)",34637
2395,57480,indoor,"clean_room (0.98431116), chemistry_lab (0.006056172), physics_laboratory (0.005309778), biology_laboratory (0.0029889385), operating_room (0.0005896209)",34637
2396,57504,indoor,"clean_room (0.99451953), chemistry_lab (0.002146631), biology_laboratory (0.0015309288), physics_laboratory (0.00076197094), operating_room (0.00065901206)",34637
2397,57528,indoor,"clean_room (0.9876336), chemistry_lab (0.0053198505), biology_laboratory (0.0032754778), physics_laboratory (0.0022151791), operating_room (0.0006982906)",34637
2398,57552,indoor,"clean_room (0.8188835), chemistry_lab (0.075173676), biology_laboratory (0.04608375), physics_laboratory (0.02181391), beauty_salon (0.016709093)",34637
2399,57576,indoor,"clean_room (0.9310808), chemistry_lab (0.030535715), physics_laboratory (0.0146129215), biology_laboratory (0.013858133), hospital_room (0.0033927115)",34637
2400,57600,indoor,"clean_room (0.9596079), chemistry_lab (0.019559016), biology_laboratory (0.009504427), physics_laboratory (0.0075586154), operating_room (0.0015379062)",34637
2401,57624,indoor,"clean_room (0.9879538), physics_laboratory (0.004181337), chemistry_lab (0.0032575028), biology_laboratory (0.0018727775), operating_room (0.0016389817)",34637
2402,57648,indoor,"clean_room (0.9489442), physics_laboratory (0.019979477), biology_laboratory (0.0095225405), chemistry_lab (0.009202536), operating_room (0.006085551)",34637
2403,57672,indoor,"clean_room (0.9788559), chemistry_lab (0.0057765883), physics_laboratory (0.0054834895), biology_laboratory (0.0045497892), operating_room (0.0021289075)",34637
2404,57696,indoor,"clean_room (0.96921074), physics_laboratory (0.009601168), biology_laboratory (0.005946641), chemistry_lab (0.005916281), operating_room (0.004640214)",34637
2405,57720,indoor,"clean_room (0.979772), physics_laboratory (0.0072287545), chemistry_lab (0.0050891205), biology_laboratory (0.004605976), operating_room (0.0020107804)",34637
2406,57744,indoor,"clean_room (0.9759939), physics_laboratory (0.010350652), chemistry_lab (0.0056933668), biology_laboratory (0.0042630127), operating_room (0.002104867)",34637
2407,57768,indoor,"clean_room (0.98567605), physics_laboratory (0.0059864544), chemistry_lab (0.0026109545), operating_room (0.0021867186), biology_laboratory (0.0020816464)",34637
2408,57792,indoor,"clean_room (0.9897244), operating_room (0.003497927), physics_laboratory (0.0026803603), biology_laboratory (0.0014789376), chemistry_lab (0.001474639)",34637
2409,57816,indoor,"clean_room (0.9948886), physics_laboratory (0.0015794324), chemistry_lab (0.0013011288), biology_laboratory (0.0010106295), operating_room (0.0009535198)",34637
2410,57840,indoor,"clean_room (0.9858803), chemistry_lab (0.0040101386), biology_laboratory (0.0037520167), physics_laboratory (0.0031830962), operating_room (0.0020411701)",34637
2411,57864,indoor,"clean_room (0.9919917), biology_laboratory (0.0025015713), chemistry_lab (0.0022369346), physics_laboratory (0.0013827048), operating_room (0.0011915297)",34637
2412,57888,indoor,"clean_room (0.98507535), chemistry_lab (0.004694109), biology_laboratory (0.0041523776), physics_laboratory (0.0030649877), operating_room (0.0016926631)",34637
2413,57912,indoor,"clean_room (0.85242534), physics_laboratory (0.069394976), chemistry_lab (0.038827244), biology_laboratory (0.029272279), operating_room (0.0035959687)",34637
2414,57936,indoor,"clean_room (0.958019), chemistry_lab (0.015225437), physics_laboratory (0.015032809), biology_laboratory (0.008472882), operating_room (0.0013280363)",34637
2415,57960,indoor,"clean_room (0.96159965), chemistry_lab (0.015376053), physics_laboratory (0.0111101605), biology_laboratory (0.008571294), operating_room (0.0015279406)",34637
2416,57984,indoor,"clean_room (0.8851955), physics_laboratory (0.055940308), chemistry_lab (0.028964743), biology_laboratory (0.021795532), operating_room (0.0028241917)",34637
2417,58008,indoor,"clean_room (0.9163253), physics_laboratory (0.04316153), chemistry_lab (0.023138313), biology_laboratory (0.012277126), operating_room (0.0028118398)",34637
2418,58032,indoor,"clean_room (0.93008316), physics_laboratory (0.043230757), chemistry_lab (0.011268462), biology_laboratory (0.010381033), operating_room (0.0024672332)",34637
2419,58056,indoor,"clean_room (0.87341183), physics_laboratory (0.06851361), chemistry_lab (0.02935262), biology_laboratory (0.020306213), operating_room (0.004284163)",34637
2420,58080,indoor,"clean_room (0.9353063), physics_laboratory (0.038822453), chemistry_lab (0.013185832), biology_laboratory (0.008990559), operating_room (0.0017031941)",34637
2421,58104,indoor,"clean_room (0.9818465), physics_laboratory (0.008073492), chemistry_lab (0.0051385476), biology_laboratory (0.0029913997), operating_room (0.00098556)",34637
2422,58128,indoor,"clean_room (0.98744863), physics_laboratory (0.0059463005), chemistry_lab (0.0031288068), biology_laboratory (0.0020370022), operating_room (0.00075948914)",34637
2423,58152,indoor,"clean_room (0.9894471), physics_laboratory (0.0036503037), chemistry_lab (0.0027568762), biology_laboratory (0.0019862927), operating_room (0.0012496641)",34637
2424,58176,indoor,"clean_room (0.98202664), physics_laboratory (0.0074896403), chemistry_lab (0.0061160265), biology_laboratory (0.002933441), operating_room (0.0007520362)",34637
2425,58200,indoor,"clean_room (0.9833981), chemistry_lab (0.006789948), physics_laboratory (0.0065227775), biology_laboratory (0.0021216809), operating_room (0.0005753118)",34637
2426,58224,indoor,"clean_room (0.96450657), chemistry_lab (0.014509616), physics_laboratory (0.009940932), biology_laboratory (0.007239751), operating_room (0.0010745537)",34637
2427,58248,indoor,"clean_room (0.9252154), chemistry_lab (0.038928397), biology_laboratory (0.019942803), physics_laboratory (0.01351033), assembly_line (0.0010831258)",34637
2428,58272,indoor,"clean_room (0.9084497), chemistry_lab (0.04876087), biology_laboratory (0.026038852), physics_laboratory (0.012347434), assembly_line (0.0010748748)",34637
2429,58296,indoor,"clean_room (0.8895845), chemistry_lab (0.060975187), biology_laboratory (0.02304987), physics_laboratory (0.020503756), operating_room (0.0017665728)",34637
2430,58320,indoor,"clean_room (0.99309385), chemistry_lab (0.0032556467), biology_laboratory (0.001332422), physics_laboratory (0.0009431317), operating_room (0.00070783164)",34637
2431,58344,indoor,"pharmacy (0.39629006), drugstore (0.19688703), clean_room (0.17627175), chemistry_lab (0.117897734), biology_laboratory (0.07068688)",34637
2432,58368,indoor,"archive (0.43032467), biology_laboratory (0.093374595), beauty_salon (0.09255812), pharmacy (0.09079274), drugstore (0.053514205)",34637
2433,58392,indoor,"pharmacy (0.3444576), drugstore (0.24611335), beauty_salon (0.14447933), archive (0.131414), biology_laboratory (0.036611952)",34637
2434,58416,indoor,"dressing_room (0.9963308), museum/indoor (0.0014693986), clean_room (0.0007873289), art_gallery (0.00041960532), bathroom (0.0003235675)",34637
2435,58440,indoor,"dressing_room (0.63920146), clean_room (0.09879588), archive (0.09423108), locker_room (0.044091232), museum/indoor (0.024631111)",34637
2436,58464,indoor,"dressing_room (0.43628532), archive (0.26861563), clean_room (0.08792323), museum/indoor (0.06292099), locker_room (0.03465647)",34637
2437,58488,indoor,"dressing_room (0.62797356), clean_room (0.12854405), archive (0.088220395), museum/indoor (0.05174091), locker_room (0.030345146)",34637
2438,58512,indoor,"museum/indoor (0.2359198), clean_room (0.20040077), archive (0.2003876), dressing_room (0.19992812), art_gallery (0.063941464)",34637
2439,58536,indoor,"dressing_room (0.64279795), archive (0.0978261), clean_room (0.043303438), elevator/door (0.038642168), art_gallery (0.035259742)",34637
2440,58560,indoor,"dressing_room (0.45184845), archive (0.12696892), museum/indoor (0.11521623), clean_room (0.101921946), art_gallery (0.052829027)",34637
2441,58584,indoor,"dressing_room (0.98159146), beauty_salon (0.0027640888), office (0.0026273169), clean_room (0.0020620318), archive (0.0018443714)",34637
2442,58608,indoor,"clean_room (0.8525685), dressing_room (0.06633091), beauty_salon (0.028568048), chemistry_lab (0.02465314), museum/indoor (0.005808935)",34637
2443,58632,indoor,"clean_room (0.944024), dressing_room (0.017050514), chemistry_lab (0.015430571), beauty_salon (0.0064684297), museum/indoor (0.004806691)",34637
2444,58656,indoor,"dressing_room (0.8321199), clean_room (0.04436303), bathroom (0.01672133), shower (0.015363492), office (0.01195968)",34637
2445,58680,indoor,"dressing_room (0.88326335), clean_room (0.03367892), bathroom (0.013138663), shower (0.011570462), office (0.008491376)",34637
2446,58704,indoor,"dressing_room (0.49220383), elevator/door (0.24649265), bow_window/indoor (0.068331525), art_gallery (0.021049047), archive (0.019321015)",34637
2447,58728,indoor,"clean_room (0.9105215), chemistry_lab (0.029250275), dressing_room (0.02085419), beauty_salon (0.015660934), physics_laboratory (0.0048728515)",34637
2448,58752,indoor,"clean_room (0.9078867), dressing_room (0.046101674), chemistry_lab (0.014214357), beauty_salon (0.00972039), hospital_room (0.0042255656)",34637
2449,58776,indoor,"clean_room (0.9707389), chemistry_lab (0.0100542735), dressing_room (0.0077330233), beauty_salon (0.0030093058), physics_laboratory (0.0020874871)",34637
2450,58800,indoor,"clean_room (0.9531509), chemistry_lab (0.017108614), dressing_room (0.016141178), physics_laboratory (0.0025615764), beauty_salon (0.0025196176)",34637
2451,58824,indoor,"clean_room (0.79411435), dressing_room (0.092897825), chemistry_lab (0.052732874), beauty_salon (0.028397482), shower (0.011802178)",34637
2452,58848,indoor,"clean_room (0.8916815), dressing_room (0.04780259), chemistry_lab (0.026676297), museum/indoor (0.009275071), beauty_salon (0.004850198)",34637
2453,58872,indoor,"clean_room (0.75681394), dressing_room (0.18491103), chemistry_lab (0.035567675), beauty_salon (0.009947789), shower (0.002673928)",34637
2454,58896,indoor,"elevator/door (0.28397244), locker_room (0.2098069), closet (0.17398332), server_room (0.13613066), shower (0.11804329)",34637
2455,58920,indoor,"art_gallery (0.73826057), artists_loft (0.15836786), art_studio (0.06623543), clean_room (0.014389383), office (0.00609243)",34637
2456,58944,indoor,"art_gallery (0.5309576), clean_room (0.34355754), museum/indoor (0.055175822), artists_loft (0.044935297), art_studio (0.014095694)",34637
2457,58968,indoor,"clean_room (0.6505908), server_room (0.13962501), art_gallery (0.09822638), archive (0.02509898), shower (0.016641658)",34637
2458,58992,indoor,"clean_room (0.5792923), art_gallery (0.15029332), bathroom (0.06593387), shower (0.03445667), office (0.027384099)",34637
2459,59016,indoor,"clean_room (0.5671167), archive (0.087067835), office (0.066332534), biology_laboratory (0.04290424), art_gallery (0.042504955)",34637
2460,59040,indoor,"clean_room (0.76677257), dressing_room (0.14446594), archive (0.017220361), office (0.015595447), bathroom (0.012751025)",34637
2461,59064,indoor,"home_office (0.4678467), office (0.26156765), bow_window/indoor (0.12531544), dressing_room (0.06726524), living_room (0.028547024)",34637
2462,59088,indoor,"home_office (0.61611533), office (0.3057319), bow_window/indoor (0.05609898), computer_room (0.006493557), office_cubicles (0.0032839715)",34637
2463,59112,indoor,"home_office (0.4805623), office (0.3939374), archive (0.030461814), office_cubicles (0.02259022), biology_laboratory (0.015606953)",34637
2464,59136,indoor,"office (0.4707113), office_cubicles (0.12208628), home_office (0.116571), biology_laboratory (0.087068506), library/indoor (0.04445108)",34637
2465,59160,indoor,"office (0.20549978), archive (0.19178832), clean_room (0.1211851), biology_laboratory (0.08500845), computer_room (0.075588554)",34637
2466,59184,indoor,"office (0.285845), archive (0.12979351), library/indoor (0.10235162), biology_laboratory (0.074447334), home_office (0.06958425)",34637
2467,59208,indoor,"archive (0.38285655), office (0.18325809), library/indoor (0.09814862), home_office (0.066384085), computer_room (0.061591346)",34637
2468,59232,indoor,"office (0.24906234), archive (0.23734619), library/indoor (0.101333104), home_office (0.08171624), biology_laboratory (0.07401057)",34637
2469,59256,indoor,"archive (0.28241178), office (0.24128468), library/indoor (0.09067923), home_office (0.08302011), biology_laboratory (0.06456574)",34637
2470,59280,indoor,"archive (0.35943487), office (0.1619485), library/indoor (0.11014424), biology_laboratory (0.09728839), clean_room (0.049069848)",34637
2471,59304,indoor,"archive (0.42820618), library/indoor (0.1296865), office (0.11792527), biology_laboratory (0.064639844), clean_room (0.054967426)",34637
2472,59328,indoor,"archive (0.39437014), office (0.16909544), home_office (0.079306975), computer_room (0.076883815), clean_room (0.07388698)",34637
2473,59352,indoor,"archive (0.38879123), office (0.18082574), library/indoor (0.10339482), home_office (0.09942301), computer_room (0.07670838)",34637
2474,59376,indoor,"archive (0.33369908), office (0.30120474), home_office (0.09366568), library/indoor (0.08771142), biology_laboratory (0.043313686)",34637
2475,59400,indoor,"office (0.37551665), home_office (0.26878765), archive (0.1991093), library/indoor (0.04251184), computer_room (0.020760307)",34637
2476,59424,indoor,"office (0.3698393), archive (0.27863845), home_office (0.17559937), library/indoor (0.050540887), computer_room (0.04194337)",34637
2477,59448,indoor,"archive (0.35667706), office (0.31610024), home_office (0.13467059), library/indoor (0.044528224), computer_room (0.0409099)",34637
2478,59472,indoor,"office (0.34805906), archive (0.28725675), home_office (0.19382529), library/indoor (0.046915833), computer_room (0.034426704)",34637
2479,59496,indoor,"archive (0.35821328), office (0.32595417), home_office (0.12902014), library/indoor (0.04712935), office_cubicles (0.036979273)",34637
2480,59520,indoor,"archive (0.30240098), office (0.27994525), home_office (0.22771935), computer_room (0.04799906), biology_laboratory (0.03374645)",34637
2481,59544,indoor,"home_office (0.44276145), office (0.3513786), archive (0.113512486), library/indoor (0.022210501), computer_room (0.020208586)",34637
2482,59568,indoor,"office (0.42201737), home_office (0.4103335), archive (0.0695782), office_cubicles (0.029089164), library/indoor (0.019791452)",34637
2483,59592,indoor,"office (0.47415274), home_office (0.26267087), archive (0.1245198), library/indoor (0.063563816), office_cubicles (0.03896584)",34637
2484,59616,indoor,"home_office (0.30072042), office (0.30006784), archive (0.16919203), library/indoor (0.06299921), office_cubicles (0.04862805)",34637
2485,59640,indoor,"archive (0.4745617), home_office (0.18414807), office (0.16362044), library/indoor (0.10377007), biology_laboratory (0.022594173)",34637
2486,59664,indoor,"archive (0.5786597), library/indoor (0.22727776), office (0.099441916), home_office (0.046273552), clean_room (0.0125382915)",34637
2487,59688,indoor,"archive (0.38270244), office (0.22985141), library/indoor (0.15767322), home_office (0.08488645), clean_room (0.044491123)",34637
2488,59712,indoor,"archive (0.34037554), library/indoor (0.2569314), office (0.1798379), home_office (0.07731751), clean_room (0.06517142)",34637
2489,59736,indoor,"archive (0.6738175), clean_room (0.10480888), office (0.07152848), library/indoor (0.06541325), home_office (0.03620516)",34637
2490,59760,indoor,"home_office (0.28679463), archive (0.27473766), office (0.25877288), clean_room (0.09886868), bow_window/indoor (0.0142015)",34637
2491,59784,indoor,"office (0.39026678), home_office (0.297507), archive (0.2532177), library/indoor (0.018187165), office_cubicles (0.012252418)",34637
2492,59808,indoor,"office (0.56371295), home_office (0.30472103), archive (0.043347746), computer_room (0.031973995), clean_room (0.018237686)",34637
2493,59832,indoor,"home_office (0.63852894), office (0.24287073), archive (0.023488473), computer_room (0.019227585), clean_room (0.017445235)",34637
2494,59856,indoor,"dressing_room (0.3696371), clean_room (0.15435903), bathroom (0.09288223), beauty_salon (0.07690645), archive (0.06808559)",34637
2495,59880,indoor,"restaurant (0.469298), library/indoor (0.14277716), dining_hall (0.08608032), cafeteria (0.08107346), dining_room (0.07057811)",34637
2496,59904,indoor,"restaurant (0.26130852), dining_room (0.14592984), library/indoor (0.100633934), classroom (0.05703), cafeteria (0.051686145)",34637
2497,59928,indoor,"library/indoor (0.20992695), living_room (0.19668034), dining_room (0.10590255), waiting_room (0.10172075), restaurant (0.039869078)",34637
2498,59952,indoor,"library/indoor (0.31111208), dining_room (0.1075833), office (0.0880758), office_cubicles (0.08526535), living_room (0.073689885)",34637
2499,59976,indoor,"restaurant (0.24560706), dining_room (0.17877805), living_room (0.09364187), beauty_salon (0.07917492), dining_hall (0.06733035)",34637
2500,60000,indoor,"beauty_salon (0.2825677), library/indoor (0.13461107), living_room (0.07769493), dining_room (0.07601603), archive (0.06824093)",34637
2501,60024,indoor,"dining_room (0.24869668), library/indoor (0.16777599), restaurant (0.09788892), office (0.06998241), archive (0.049866054)",34637
2502,60048,indoor,"library/indoor (0.1561058), restaurant (0.13773502), dining_hall (0.11993704), dining_room (0.112393655), banquet_hall (0.064257026)",34637
2503,60072,indoor,"dining_room (0.16332583), library/indoor (0.16283359), beauty_salon (0.091639854), restaurant (0.08753505), dining_hall (0.06580659)",34637
2504,60096,indoor,"library/indoor (0.24340142), archive (0.12020264), clean_room (0.10468844), restaurant (0.09755133), dining_room (0.07474792)",34637
2505,60120,indoor,"restaurant (0.2163192), library/indoor (0.18303321), dining_room (0.14965127), dining_hall (0.1059995), banquet_hall (0.043253403)",34637
2506,60144,indoor,"dining_room (0.2054189), restaurant (0.19641608), dining_hall (0.12248927), banquet_hall (0.12177261), library/indoor (0.08723878)",34637
2507,60168,indoor,"restaurant (0.277141), banquet_hall (0.21330453), dining_room (0.12601349), dining_hall (0.12263028), library/indoor (0.059659816)",34637
2508,60192,indoor,"restaurant (0.17937449), banquet_hall (0.16733626), library/indoor (0.15984677), dining_hall (0.11741708), dining_room (0.079032145)",34637
2509,60216,indoor,"restaurant (0.21345986), banquet_hall (0.20184356), library/indoor (0.15488595), dining_hall (0.1398959), dining_room (0.07585168)",34637
2510,60240,indoor,"library/indoor (0.22378474), living_room (0.10972289), office (0.10565914), archive (0.08372351), office_cubicles (0.07698913)",34637
2511,60264,indoor,"beauty_salon (0.11322249), archive (0.11117751), library/indoor (0.1018417), dining_room (0.07144163), clean_room (0.070996895)",34637
2512,60288,indoor,"office (0.27886578), office_cubicles (0.1940354), library/indoor (0.15393515), archive (0.102094546), living_room (0.043261103)",34637
2513,60312,indoor,"office (0.20677263), library/indoor (0.16518179), office_cubicles (0.13444918), archive (0.10646565), classroom (0.092394836)",34637
2514,60336,indoor,"library/indoor (0.2037691), office (0.14704804), office_cubicles (0.13799125), archive (0.12483567), classroom (0.10516729)",34637
2515,60360,indoor,"clean_room (0.2223699), locker_room (0.2020384), office (0.115116365), dressing_room (0.086759344), classroom (0.05022941)",34637
2516,60384,indoor,"clean_room (0.2493936), office (0.1508717), locker_room (0.11873141), dressing_room (0.09957385), hospital_room (0.05759546)",34637
2517,60408,indoor,"office (0.21983965), archive (0.20403713), clean_room (0.18019286), locker_room (0.115244605), beauty_salon (0.037846122)",34637
2518,60432,indoor,"bow_window/indoor (0.8474036), dressing_room (0.073260985), office (0.019558644), shower (0.009370253), clean_room (0.008654275)",34637
2519,60456,indoor,"clean_room (0.61237097), shower (0.106343396), dressing_room (0.095170915), bathroom (0.042214364), chemistry_lab (0.028150156)",34637
2520,60480,indoor,"shower (0.5063954), bathroom (0.16241047), dressing_room (0.15223435), clean_room (0.09835364), locker_room (0.023633074)",34637
2521,60504,indoor,"art_gallery (0.7321429), museum/indoor (0.19185437), clean_room (0.020121558), artists_loft (0.014650282), reception (0.009579078)",34637
2522,60528,indoor,"archive (0.31596404), museum/indoor (0.28490305), art_gallery (0.16558243), shower (0.045193914), clean_room (0.04076281)",34637
2523,60552,indoor,"shower (0.60475177), bathroom (0.10502577), elevator/door (0.06445384), dressing_room (0.05884214), sauna (0.037482)",34637
2524,60576,indoor,"shower (0.27192774), bow_window/indoor (0.15177959), locker_room (0.091563836), bank_vault (0.08205146), closet (0.067361996)",34637
2525,60600,indoor,"archive (0.33412823), clean_room (0.18242852), computer_room (0.16913056), office (0.049400706), library/indoor (0.04539732)",34637
2526,60624,indoor,"clean_room (0.53813535), archive (0.08458653), operating_room (0.070902064), computer_room (0.05836551), beauty_salon (0.054829273)",34637
2527,60648,indoor,"clean_room (0.3265009), archive (0.15681842), computer_room (0.07036595), beauty_salon (0.063050784), hospital_room (0.061948664)",34637
2528,60672,indoor,"archive (0.33832577), clean_room (0.16968177), beauty_salon (0.08402004), dressing_room (0.0788688), hospital_room (0.055480495)",34637
2529,60696,indoor,"clean_room (0.4102599), archive (0.19821663), operating_room (0.07380929), dressing_room (0.051142488), hospital_room (0.04889092)",34637
2530,60720,indoor,"archive (0.2855491), office (0.10845821), clean_room (0.10041119), dining_room (0.09996051), library/indoor (0.06839578)",34637
2531,60744,indoor,"archive (0.40445247), clean_room (0.10120505), office (0.06382643), library/indoor (0.05909485), computer_room (0.05346112)",34637
2532,60768,indoor,"archive (0.31714708), clean_room (0.30572715), dressing_room (0.1283053), beauty_salon (0.047839236), library/indoor (0.022198183)",34637
2533,60792,indoor,"archive (0.68573135), clean_room (0.09638454), library/indoor (0.052261226), classroom (0.026068153), dressing_room (0.021437293)",34637
2534,60816,indoor,"archive (0.38730717), clean_room (0.301781), dressing_room (0.06708787), beauty_salon (0.025961578), music_studio (0.025507288)",34637
2535,60840,indoor,"clean_room (0.3754084), archive (0.3231988), dressing_room (0.049504433), operating_room (0.028113531), beauty_salon (0.023767916)",34637
2536,60864,indoor,"dressing_room (0.2835847), bathroom (0.152507), home_office (0.08754617), nursery (0.0737622), office (0.065401435)",34637
2537,60888,indoor,"office (0.23792097), home_office (0.19000995), bathroom (0.1553002), dressing_room (0.07735183), reception (0.06835558)",34637
2538,60912,indoor,"office (0.24059264), home_office (0.20996113), reception (0.067683175), clean_room (0.06057258), dressing_room (0.058965612)",34637
2539,60936,indoor,"office (0.18589845), bathroom (0.11323954), home_office (0.11256123), dressing_room (0.10558579), clean_room (0.072630845)",34637
2540,60960,indoor,"office (0.20435463), reception (0.1094492), home_office (0.10633929), bathroom (0.093469046), dressing_room (0.07507448)",34637
2541,60984,indoor,"bathroom (0.40557608), dressing_room (0.10492074), clean_room (0.08939802), shower (0.08332128), office (0.043102857)",34637
2542,61008,indoor,"bathroom (0.31084338), clean_room (0.1223501), office (0.107707515), dressing_room (0.079480134), shower (0.07635225)",34637
2543,61032,indoor,"bathroom (0.2645818), office (0.118637115), clean_room (0.1040758), shower (0.07976086), dressing_room (0.06788811)",34637
2544,61056,indoor,"bathroom (0.21352074), clean_room (0.16084822), office (0.13330133), home_office (0.059179354), shower (0.05695534)",34637
2545,61080,indoor,"office (0.17113988), bathroom (0.12384244), hospital_room (0.12146564), clean_room (0.088074096), office_cubicles (0.06464202)",34637
2546,61104,indoor,"clean_room (0.14825827), office (0.14590323), bathroom (0.13624354), hospital_room (0.12247024), office_cubicles (0.06029056)",34637
2547,61128,indoor,"office (0.17631243), home_office (0.09773394), reception (0.08168048), office_cubicles (0.080421194), bathroom (0.064451)",34637
2548,61152,indoor,"office (0.18181282), clean_room (0.1498115), bathroom (0.107349284), home_office (0.07985309), hospital_room (0.06064188)",34637
2549,61176,indoor,"nursery (0.23102076), clean_room (0.13671182), office (0.10884575), bathroom (0.08677285), hospital_room (0.05608416)",34637
2550,61200,indoor,"clean_room (0.22498237), nursery (0.13719675), office (0.12241882), hospital_room (0.08630186), bathroom (0.078573935)",34637
2551,61224,indoor,"office (0.18960936), clean_room (0.16753757), nursery (0.112461716), bathroom (0.0900297), home_office (0.078343764)",34637
2552,61248,indoor,"clean_room (0.13088185), office (0.1087509), nursery (0.09613869), bathroom (0.08235319), hospital_room (0.07707483)",34637
2553,61272,indoor,"archive (0.56702924), clean_room (0.14900677), library/indoor (0.042836096), computer_room (0.02859484), chemistry_lab (0.02433348)",34637
2554,61296,indoor,"archive (0.5176429), clean_room (0.20713605), beauty_salon (0.04771518), library/indoor (0.03197378), chemistry_lab (0.03072581)",34637
2555,61320,indoor,"archive (0.6398834), clean_room (0.079143755), library/indoor (0.052969005), chemistry_lab (0.045072865), classroom (0.025495376)",34637
2556,61344,indoor,"archive (0.5276847), clean_room (0.17872387), chemistry_lab (0.03488566), operating_room (0.02649998), beauty_salon (0.024817362)",34637
2557,61368,indoor,"archive (0.4021342), clean_room (0.24904583), chemistry_lab (0.06681521), dressing_room (0.036903054), operating_room (0.033802837)",34637
2558,61392,indoor,"archive (0.49385306), clean_room (0.1717924), beauty_salon (0.0441743), chemistry_lab (0.0379965), computer_room (0.031101996)",34637
2559,61416,indoor,"archive (0.3884163), clean_room (0.25928816), chemistry_lab (0.0558525), operating_room (0.055032324), beauty_salon (0.045915328)",34637
2560,61440,indoor,"archive (0.51320446), clean_room (0.19695541), chemistry_lab (0.037247982), operating_room (0.03144397), library/indoor (0.023852445)",34637
2561,61464,indoor,"archive (0.4141575), clean_room (0.25548568), chemistry_lab (0.053709626), operating_room (0.05307701), beauty_salon (0.029573658)",34637
2562,61488,indoor,"archive (0.22042224), dressing_room (0.21942535), clean_room (0.13709083), office (0.07489261), computer_room (0.064107075)",34637
2563,61512,indoor,"dressing_room (0.50618804), archive (0.20941979), clean_room (0.1906118), music_studio (0.012920406), beauty_salon (0.012760747)",34637
2564,61536,indoor,"clean_room (0.5358482), archive (0.1775154), dressing_room (0.1608612), operating_room (0.035168722), nursing_home (0.018038334)",34637
2565,61560,indoor,"dressing_room (0.39676887), archive (0.27975395), clean_room (0.2015584), operating_room (0.014843393), music_studio (0.013448707)",34637
2566,61584,indoor,"dressing_room (0.33322987), clean_room (0.31995407), archive (0.23888017), operating_room (0.029785179), beauty_salon (0.014416626)",34637
2567,61608,indoor,"dressing_room (0.6845454), clean_room (0.13611493), archive (0.08343192), beauty_salon (0.020872207), operating_room (0.0116312895)",34637
2568,61632,indoor,"dressing_room (0.61784303), clean_room (0.18725275), archive (0.12692468), locker_room (0.009350475), beauty_salon (0.00898819)",34637
2569,61656,indoor,"clean_room (0.37117136), dressing_room (0.32340506), archive (0.207937), operating_room (0.024825063), beauty_salon (0.0117695285)",34637
2570,61680,indoor,"clean_room (0.538484), archive (0.20618796), dressing_room (0.090498246), operating_room (0.03273181), office (0.019363444)",34637
2571,61704,indoor,"clean_room (0.46168223), archive (0.32552433), dressing_room (0.050321423), operating_room (0.04485153), chemistry_lab (0.013439017)",34637
2572,61728,indoor,"clean_room (0.49932688), archive (0.21132952), dressing_room (0.15700409), operating_room (0.028471375), beauty_salon (0.018895777)",34637
2573,61752,indoor,"dressing_room (0.388654), clean_room (0.27477968), archive (0.19291505), beauty_salon (0.022602642), operating_room (0.020639593)",34637
2574,61776,indoor,"clean_room (0.4804768), archive (0.24840002), dressing_room (0.13857144), operating_room (0.0347043), hospital_room (0.019403402)",34637
2575,61800,indoor,"clean_room (0.4106475), dressing_room (0.23480654), archive (0.21478616), operating_room (0.02797739), hospital_room (0.021838201)",34637
2576,61824,indoor,"clean_room (0.42482018), archive (0.25767112), dressing_room (0.16823858), operating_room (0.0332789), beauty_salon (0.025163485)",34637
2577,61848,indoor,"clean_room (0.4644952), dressing_room (0.21071889), archive (0.1458978), operating_room (0.038679536), beauty_salon (0.035500806)",34637
2578,61872,indoor,"dressing_room (0.37623468), clean_room (0.27991349), archive (0.22122778), beauty_salon (0.034279775), operating_room (0.011109841)",34637
2579,61896,indoor,"clean_room (0.3482243), dressing_room (0.28026223), archive (0.20999199), beauty_salon (0.03306095), office (0.02090691)",34637
2580,61920,indoor,"archive (0.3884105), clean_room (0.2926295), dressing_room (0.21747726), operating_room (0.01632231), beauty_salon (0.014751703)",34637
2581,61944,indoor,"archive (0.37934262), clean_room (0.2741179), dressing_room (0.23769759), beauty_salon (0.018375352), operating_room (0.012252045)",34637
2582,61968,indoor,"dressing_room (0.48525697), clean_room (0.23359881), archive (0.19572097), operating_room (0.0146237), beauty_salon (0.01316283)",34637
2583,61992,indoor,"dressing_room (0.3971288), archive (0.2289283), clean_room (0.18228446), music_studio (0.031400513), operating_room (0.022868989)",34637
2584,62016,indoor,"office (0.11854402), home_office (0.0801693), chemistry_lab (0.07457862), reception (0.06637229), nursery (0.061967514)",34637
2585,62040,indoor,"dressing_room (0.18564591), bathroom (0.13299388), hospital_room (0.11500269), office (0.07649033), beauty_salon (0.06799967)",34637
2586,62064,indoor,"hospital_room (0.17550796), dressing_room (0.1468369), bathroom (0.109531656), clean_room (0.10469869), beauty_salon (0.06627402)",34637
2587,62088,indoor,"hospital_room (0.18104877), dressing_room (0.099595584), clean_room (0.096571036), office (0.09345188), bathroom (0.08794947)",34637
2588,62112,indoor,"dressing_room (0.1456799), hospital_room (0.12748364), bathroom (0.12197414), nursery (0.111176975), clean_room (0.073181234)",34637
2589,62136,indoor,"nursery (0.18496433), hospital_room (0.14576784), office (0.0872083), clean_room (0.08037186), dressing_room (0.07123846)",34637
2590,62160,indoor,"office (0.14978291), bathroom (0.122706056), hospital_room (0.10978812), home_office (0.06790802), clean_room (0.06591105)",34637
2591,62184,indoor,"bathroom (0.24512145), dressing_room (0.10113584), nursery (0.09822204), clean_room (0.07218058), shower (0.063653104)",34637
2592,62208,indoor,"archive (0.4140231), clean_room (0.22212222), dressing_room (0.1071465), music_studio (0.036561407), nursing_home (0.033757485)",34637
2593,62232,indoor,"clean_room (0.2932761), archive (0.2524004), dressing_room (0.119580895), nursing_home (0.075901724), hospital_room (0.05738905)",34637
2594,62256,indoor,"clean_room (0.2956403), archive (0.28414127), dressing_room (0.18514164), nursing_home (0.039089683), hospital_room (0.03688045)",34637
2595,62280,indoor,"clean_room (0.49834105), archive (0.20367576), operating_room (0.06370947), dressing_room (0.04155502), nursing_home (0.037411883)",34637
2596,62304,indoor,"archive (0.43638092), clean_room (0.24212699), dressing_room (0.06343086), nursing_home (0.030876016), music_studio (0.029451568)",34637
2597,62328,indoor,"archive (0.30416724), clean_room (0.27815443), dressing_room (0.079135925), music_studio (0.054461062), nursing_home (0.051981326)",34637
2598,62352,indoor,"archive (0.33596316), clean_room (0.28088582), dressing_room (0.07951148), music_studio (0.038621597), nursing_home (0.037048206)",34637
2599,62376,indoor,"archive (0.38641056), clean_room (0.3136299), dressing_room (0.059647102), music_studio (0.037716232), nursing_home (0.02527041)",34637
2600,62400,indoor,"clean_room (0.41560352), archive (0.19696777), dressing_room (0.08011743), nursing_home (0.055013094), operating_room (0.046767123)",34637
2601,62424,indoor,"clean_room (0.43560195), archive (0.21301192), dressing_room (0.06413589), operating_room (0.046921834), nursing_home (0.045891754)",34637
2602,62448,indoor,"dressing_room (0.73146117), discotheque (0.084317654), clean_room (0.07427905), chemistry_lab (0.016372137), art_gallery (0.012524241)",34637
2603,62472,indoor,"dressing_room (0.64278316), discotheque (0.12357478), airplane_cabin (0.041549575), clean_room (0.027018474), chemistry_lab (0.02585078)",34637
2604,62496,indoor,"dressing_room (0.48058596), discotheque (0.08147952), airplane_cabin (0.08059318), bar (0.059541978), clean_room (0.028077746)",34637
2605,62520,indoor,"dressing_room (0.5232516), discotheque (0.10441952), airplane_cabin (0.09019709), bar (0.053616893), clean_room (0.018494528)",34637
2606,62544,indoor,"dressing_room (0.5147739), discotheque (0.07855643), airplane_cabin (0.05844514), bar (0.043363214), clean_room (0.037649002)",34637
2607,62568,indoor,"dressing_room (0.59835297), discotheque (0.08939266), airplane_cabin (0.04321383), bar (0.032790054), clean_room (0.02615812)",34637
2608,62592,indoor,"dressing_room (0.3157965), dining_room (0.21074012), clean_room (0.081004225), archive (0.0808286), music_studio (0.05260655)",34637
2609,62616,indoor,"dressing_room (0.38585585), clean_room (0.20642681), operating_room (0.07543672), dining_room (0.0556384), music_studio (0.049991895)",34637
2610,62640,indoor,"dressing_room (0.2887602), clean_room (0.19220464), operating_room (0.098282434), hospital_room (0.08502562), dining_room (0.06615036)",34637
2611,62664,indoor,"dressing_room (0.44906265), music_studio (0.12722251), clean_room (0.08797742), beauty_salon (0.060689695), operating_room (0.054092105)",34637
2612,62688,indoor,"dressing_room (0.49048403), clean_room (0.13259833), music_studio (0.11992063), operating_room (0.047895268), beauty_salon (0.040526997)",34637
2613,62712,indoor,"dressing_room (0.3070241), clean_room (0.20447415), music_studio (0.12917565), operating_room (0.08162933), hospital_room (0.055194207)",34637
2614,62736,indoor,"archive (0.22234344), dressing_room (0.12713397), clean_room (0.120798096), hospital_room (0.10399821), office (0.074747674)",34637
2615,62760,indoor,"archive (0.1669447), dressing_room (0.14305611), clean_room (0.1419775), hospital_room (0.1370293), operating_room (0.09228438)",34637
2616,62784,indoor,"archive (0.19007099), office (0.12757988), music_studio (0.09651206), clean_room (0.08888886), dressing_room (0.0783832)",34637
2617,62808,indoor,"archive (0.17032252), hospital_room (0.1287366), clean_room (0.12732866), dressing_room (0.09396797), nursing_home (0.0882388)",34637
2618,62832,indoor,"archive (0.16413781), clean_room (0.12281225), nursing_home (0.118411906), dressing_room (0.09564774), hospital_room (0.08871712)",34637
2619,62856,indoor,"archive (0.20699412), clean_room (0.11853584), hospital_room (0.10230684), nursing_home (0.09886751), office (0.08420316)",34637
2620,62880,indoor,"archive (0.2708624), dressing_room (0.1336779), office (0.09968026), clean_room (0.09048274), home_office (0.065354645)",34637
2621,62904,indoor,"archive (0.22841609), dressing_room (0.13406186), hospital_room (0.088242814), office (0.081210725), nursing_home (0.07364959)",34637
2622,62928,indoor,"office (0.13644317), nursing_home (0.13317725), archive (0.1286746), home_office (0.10587765), hospital_room (0.08721135)",34637
2623,62952,indoor,"dressing_room (0.1942229), clean_room (0.16050896), archive (0.15316558), hospital_room (0.071850546), operating_room (0.06552376)",34637
2624,62976,indoor,"dressing_room (0.25149423), archive (0.15448843), clean_room (0.09251223), hospital_room (0.07833835), office (0.071639694)",34637
2625,63000,indoor,"dressing_room (0.19573382), archive (0.18755355), home_office (0.08806275), office (0.08494942), dining_room (0.08103457)",34637
2626,63024,indoor,"dressing_room (0.18887314), archive (0.14281455), clean_room (0.13480312), office (0.09368374), home_office (0.08319763)",34637
2627,63048,indoor,"clean_room (0.16500932), office (0.12428172), archive (0.118628), dressing_room (0.10436914), music_studio (0.09785294)",34637
2628,63072,indoor,"archive (0.18850791), dressing_room (0.14533861), office (0.119116634), clean_room (0.102790184), home_office (0.0916342)",34637
2629,63096,indoor,"dressing_room (0.18370855), archive (0.17984255), clean_room (0.10228314), office (0.091578096), nursing_home (0.08915443)",34637
2630,63120,indoor,"dressing_room (0.20833229), archive (0.12800312), office (0.110677905), clean_room (0.10309105), home_office (0.08107035)",34637
2631,63144,indoor,"dressing_room (0.25741377), clean_room (0.12669654), archive (0.110417046), office (0.076679595), music_studio (0.055543687)",34637
2632,63168,indoor,"dressing_room (0.2042477), office (0.13381012), dining_room (0.12424725), clean_room (0.10802369), archive (0.087991476)",34637
2633,63192,indoor,"office (0.15483694), dressing_room (0.1257173), nursing_home (0.12213465), archive (0.1159602), clean_room (0.098238796)",34637
2634,63216,indoor,"dressing_room (0.20733409), archive (0.14014325), hospital_room (0.09795188), clean_room (0.07810202), office (0.06945676)",34637
2635,63240,indoor,"dressing_room (0.19746494), hospital_room (0.17902957), nursing_home (0.106375515), operating_room (0.08921109), clean_room (0.086552985)",34637
2636,63264,indoor,"dressing_room (0.29738587), archive (0.27014124), clean_room (0.07231826), office (0.07186183), music_studio (0.05676331)",34637
2637,63288,indoor,"archive (0.20710582), dressing_room (0.18844381), office (0.12965989), clean_room (0.08687553), music_studio (0.061948624)",34637
2638,63312,indoor,"dressing_room (0.46438828), archive (0.28701684), clean_room (0.08309588), office (0.045665592), nursing_home (0.020787742)",34637
2639,63336,indoor,"archive (0.32618436), clean_room (0.32216015), dressing_room (0.12026403), nursing_home (0.04608765), office (0.043460608)",34637
2640,63360,indoor,"clean_room (0.44652328), archive (0.21552564), nursing_home (0.0781356), hospital_room (0.06645628), operating_room (0.047448795)",34637
2641,63384,indoor,"clean_room (0.31546628), archive (0.22888845), dressing_room (0.08214383), hospital_room (0.071880765), office (0.060549427)",34637
2642,63408,indoor,"office (0.23895106), clean_room (0.17808567), hospital_room (0.099264815), home_office (0.078386135), beauty_salon (0.055133604)",34637
2643,63432,indoor,"bathroom (0.3047218), beauty_salon (0.14493905), clean_room (0.115676105), hospital_room (0.09150053), dressing_room (0.07930449)",34637
2644,63456,indoor,"dressing_room (0.31749713), clean_room (0.303874), archive (0.15540345), office (0.045024227), chemistry_lab (0.019398598)",34637
2645,63480,indoor,"archive (0.47849846), dressing_room (0.15658797), clean_room (0.1187606), home_office (0.030978665), office (0.02844636)",34637
2646,63504,indoor,"clean_room (0.45111457), archive (0.24582101), dressing_room (0.06852488), office (0.04577781), library/indoor (0.029698469)",34637
2647,63528,indoor,"archive (0.26980716), clean_room (0.23729877), dressing_room (0.13013893), office (0.08337759), home_office (0.04698442)",34637
2648,63552,indoor,"archive (0.36511463), clean_room (0.13027592), office (0.10751695), dressing_room (0.103644565), home_office (0.08550795)",34637
2649,63576,indoor,"archive (0.32128263), clean_room (0.16594961), dressing_room (0.122303255), office (0.10035046), home_office (0.07343988)",34637
2650,63600,indoor,"archive (0.3158643), clean_room (0.22954558), dressing_room (0.14353736), office (0.035520196), home_office (0.033622567)",34637
2651,63624,indoor,"clean_room (0.37275624), dressing_room (0.30509713), archive (0.20100619), office (0.018757101), locker_room (0.0135037685)",34637
2652,63648,indoor,"clean_room (0.5580682), archive (0.169483), dressing_room (0.16666806), operating_room (0.027182527), hospital_room (0.009599384)",34637
2653,63672,indoor,"clean_room (0.66212314), archive (0.11641404), operating_room (0.06248279), dressing_room (0.057873327), chemistry_lab (0.020340187)",34637
2654,63696,indoor,"clean_room (0.6832579), dressing_room (0.1170467), operating_room (0.06377339), archive (0.055207856), chemistry_lab (0.02082751)",34637
2655,63720,indoor,"clean_room (0.65561), operating_room (0.109253325), dressing_room (0.09726352), archive (0.03568056), chemistry_lab (0.026199777)",34637
2656,63744,indoor,"clean_room (0.63051057), dressing_room (0.13172242), operating_room (0.08503958), archive (0.049572032), hospital_room (0.028568072)",34637
2657,63768,indoor,"clean_room (0.6629846), dressing_room (0.13653593), operating_room (0.10100437), hospital_room (0.033376932), archive (0.020165669)",34637
2658,63792,indoor,"clean_room (0.6362234), dressing_room (0.12517434), operating_room (0.09576925), archive (0.04152244), hospital_room (0.03354998)",34637
2659,63816,indoor,"clean_room (0.5906596), dressing_room (0.15656087), operating_room (0.095209055), archive (0.06389706), hospital_room (0.028706579)",34637
2660,63840,indoor,"clean_room (0.69764304), operating_room (0.09213671), dressing_room (0.076320164), archive (0.055085596), hospital_room (0.028622571)",34637
2661,63864,indoor,"clean_room (0.75468636), operating_room (0.07465975), dressing_room (0.07296163), archive (0.045153193), hospital_room (0.01765338)",34637
2662,63888,indoor,"clean_room (0.6173332), operating_room (0.088108964), archive (0.08239842), dressing_room (0.08209034), chemistry_lab (0.03142368)",34637
2663,63912,indoor,"clean_room (0.6122336), dressing_room (0.19086485), operating_room (0.071536034), archive (0.043373324), hospital_room (0.02082544)",34637
2664,63936,indoor,"clean_room (0.5144913), dressing_room (0.2695938), operating_room (0.09184802), archive (0.047117446), hospital_room (0.028240219)",34637
2665,63960,indoor,"clean_room (0.5145058), dressing_room (0.201676), operating_room (0.110018246), archive (0.04404582), hospital_room (0.043617442)",34637
2666,63984,indoor,"clean_room (0.3513187), dressing_room (0.3193852), archive (0.099093236), operating_room (0.046993453), dining_room (0.0280803)",34637
2667,64008,indoor,"clean_room (0.38647825), dressing_room (0.33000413), archive (0.11053153), operating_room (0.04964332), chemistry_lab (0.02604784)",34637
2668,64032,indoor,"clean_room (0.62517315), dressing_room (0.12587535), operating_room (0.09824868), archive (0.033887263), nursing_home (0.022472657)",34637
2669,64056,indoor,"archive (0.5155803), dressing_room (0.1740018), clean_room (0.12922494), office (0.045039605), dining_room (0.02641356)",34637
2670,64080,indoor,"clean_room (0.41907015), dressing_room (0.20898996), archive (0.2053774), operating_room (0.0559169), hospital_room (0.024393298)",34637
2671,64104,indoor,"clean_room (0.48196194), dressing_room (0.23256244), archive (0.1599769), operating_room (0.03219562), music_studio (0.016930148)",34637
2672,64128,indoor,"clean_room (0.5024854), dressing_room (0.23580661), archive (0.107505694), operating_room (0.04920346), music_studio (0.020307502)",34637
2673,64152,indoor,"clean_room (0.3867066), dressing_room (0.3019338), archive (0.16429466), operating_room (0.044801865), dining_room (0.014935016)",34637
2674,64176,indoor,"clean_room (0.37504986), dressing_room (0.29558572), archive (0.099195), operating_room (0.06661041), chemistry_lab (0.025115753)",34637
2675,64200,indoor,"jail_cell (0.24405104), basement (0.17191716), clean_room (0.15086292), bathroom (0.049915455), classroom (0.03990931)",34637
2676,64224,indoor,"hospital_room (0.16464731), clean_room (0.14709008), shower (0.104237735), operating_room (0.049996603), art_studio (0.045548346)",34637
2677,64248,indoor,"museum/indoor (0.114695765), art_studio (0.08577022), clean_room (0.08319504), hospital_room (0.07960268), jail_cell (0.07932834)",34637
2678,64272,indoor,"clean_room (0.8166165), chemistry_lab (0.049364936), biology_laboratory (0.040105633), pharmacy (0.025943652), beauty_salon (0.015804864)",34637
2679,64296,indoor,"clean_room (0.7105028), chemistry_lab (0.20430619), biology_laboratory (0.050061364), physics_laboratory (0.022023503), assembly_line (0.0055541154)",34637
2680,64320,indoor,"clean_room (0.76084477), chemistry_lab (0.16926867), biology_laboratory (0.04034622), physics_laboratory (0.014631998), assembly_line (0.005628037)",34637
2681,64344,indoor,"clean_room (0.7959757), chemistry_lab (0.15337399), biology_laboratory (0.030043043), physics_laboratory (0.011099021), assembly_line (0.00540156)",34637
2682,64368,indoor,"clean_room (0.82769305), chemistry_lab (0.139402), biology_laboratory (0.018414995), physics_laboratory (0.00762644), assembly_line (0.0031336627)",34637
2683,64392,indoor,"clean_room (0.8343655), chemistry_lab (0.13046408), biology_laboratory (0.019530354), physics_laboratory (0.008862711), assembly_line (0.0044150534)",34637
2684,64416,indoor,"clean_room (0.9581918), chemistry_lab (0.02700742), biology_laboratory (0.006322772), physics_laboratory (0.003582393), operating_room (0.0017905552)",34637
2685,64440,indoor,"clean_room (0.9453986), chemistry_lab (0.039274085), biology_laboratory (0.007502563), physics_laboratory (0.004360584), operating_room (0.0014839296)",34637
2686,64464,indoor,"clean_room (0.95181215), chemistry_lab (0.03267091), biology_laboratory (0.00624724), physics_laboratory (0.0046811043), assembly_line (0.0020146105)",34637
2687,64488,indoor,"clean_room (0.7293346), chemistry_lab (0.22856899), biology_laboratory (0.017089149), physics_laboratory (0.011465062), beauty_salon (0.005689279)",34637
2688,64512,indoor,"clean_room (0.70373106), chemistry_lab (0.17094354), biology_laboratory (0.07250869), beauty_salon (0.018881772), pharmacy (0.008055422)",34637
2689,64536,indoor,"clean_room (0.9290342), chemistry_lab (0.041224834), biology_laboratory (0.018848812), pharmacy (0.003783456), drugstore (0.0024945352)",34637
2690,64560,indoor,"clean_room (0.7991318), chemistry_lab (0.13823919), biology_laboratory (0.038637057), beauty_salon (0.007836774), physics_laboratory (0.005017229)",34637
2691,64584,indoor,"clean_room (0.88147146), chemistry_lab (0.065825686), biology_laboratory (0.029970128), physics_laboratory (0.004825875), beauty_salon (0.004730061)",34637
2692,64608,indoor,"clean_room (0.45892665), chemistry_lab (0.31520754), biology_laboratory (0.14885049), beauty_salon (0.02077596), physics_laboratory (0.016572004)",34637
2693,64632,indoor,"clean_room (0.7977098), chemistry_lab (0.114492185), biology_laboratory (0.06318458), physics_laboratory (0.009308126), beauty_salon (0.0064956592)",34637
2694,64656,indoor,"clean_room (0.8787156), chemistry_lab (0.06497716), biology_laboratory (0.041419227), physics_laboratory (0.005127301), operating_room (0.002956294)",34637
2695,64680,indoor,"clean_room (0.8882744), biology_laboratory (0.049005385), chemistry_lab (0.044024605), operating_room (0.0068200794), physics_laboratory (0.0062198285)",34637
2696,64704,indoor,"clean_room (0.9161006), biology_laboratory (0.036101103), chemistry_lab (0.029105898), operating_room (0.0067146765), physics_laboratory (0.004498302)",34637
2697,64728,indoor,"clean_room (0.9308436), biology_laboratory (0.02780584), chemistry_lab (0.022998951), operating_room (0.0059070643), assembly_line (0.0050366223)",34637
2698,64752,indoor,"clean_room (0.910716), biology_laboratory (0.034273468), chemistry_lab (0.033551794), operating_room (0.007604006), physics_laboratory (0.0047375867)",34637
2699,64776,indoor,"clean_room (0.83699596), chemistry_lab (0.083060086), biology_laboratory (0.057936747), physics_laboratory (0.007362762), operating_room (0.006463493)",34637
2700,64800,indoor,"clean_room (0.79482555), chemistry_lab (0.100718796), biology_laboratory (0.08058249), physics_laboratory (0.009950842), operating_room (0.005052348)",34637
2701,64824,indoor,"clean_room (0.8149787), chemistry_lab (0.09175053), biology_laboratory (0.067456365), physics_laboratory (0.0072582685), operating_room (0.006565715)",34637
2702,64848,indoor,"clean_room (0.73232526), chemistry_lab (0.14530751), biology_laboratory (0.10396729), physics_laboratory (0.007956216), operating_room (0.003307655)",34637
2703,64872,indoor,"clean_room (0.77930737), chemistry_lab (0.12951744), biology_laboratory (0.063496575), physics_laboratory (0.00899259), operating_room (0.008241133)",34637
2704,64896,indoor,"clean_room (0.7265917), chemistry_lab (0.14980075), biology_laboratory (0.07211467), physics_laboratory (0.017657366), assembly_line (0.0107736355)",34637
2705,64920,indoor,"clean_room (0.7907534), chemistry_lab (0.06968056), biology_laboratory (0.050789647), operating_room (0.04153842), hospital_room (0.026397387)",34637
2706,64944,indoor,"clean_room (0.98496187), operating_room (0.0069463956), hospital_room (0.0030368122), chemistry_lab (0.0026068664), biology_laboratory (0.0017138969)",34637
2707,64968,indoor,"clean_room (0.92716986), biology_laboratory (0.035833452), chemistry_lab (0.02691011), operating_room (0.0029015394), hospital_room (0.0018551566)",34637
2708,64992,indoor,"clean_room (0.64608985), chemistry_lab (0.14470802), biology_laboratory (0.09823637), pharmacy (0.026557673), drugstore (0.024395756)",34637
2709,65016,indoor,"clean_room (0.83968973), biology_laboratory (0.058352813), chemistry_lab (0.030217115), operating_room (0.020001667), hospital_room (0.011855478)",34637
2710,65040,indoor,"clean_room (0.78064936), biology_laboratory (0.090488836), pharmacy (0.044550847), chemistry_lab (0.030475639), drugstore (0.029521555)",34637
2711,65064,indoor,"clean_room (0.8032887), biology_laboratory (0.12633763), chemistry_lab (0.031452812), operating_room (0.014448885), hospital_room (0.0054372824)",34637
2712,65088,indoor,"clean_room (0.70151085), biology_laboratory (0.14156409), chemistry_lab (0.08287987), hospital_room (0.020577984), operating_room (0.013698248)",34637
2713,65112,indoor,"clean_room (0.80706316), biology_laboratory (0.09215768), chemistry_lab (0.058997393), hospital_room (0.013717809), operating_room (0.01063412)",34637
2714,65136,indoor,"clean_room (0.7618652), biology_laboratory (0.12317299), chemistry_lab (0.08397353), hospital_room (0.004875281), operating_room (0.0047866325)",34637
2715,65160,indoor,"clean_room (0.6775042), biology_laboratory (0.16025361), chemistry_lab (0.13811116), physics_laboratory (0.00574187), hospital_room (0.004102723)",34637
2716,65184,indoor,"clean_room (0.6234934), biology_laboratory (0.24962257), chemistry_lab (0.08506225), hospital_room (0.0075595956), physics_laboratory (0.0075016115)",34637
2717,65208,indoor,"clean_room (0.44275284), hospital_room (0.16417155), biology_laboratory (0.1440875), dressing_room (0.08634509), chemistry_lab (0.07579428)",34637
2718,65232,indoor,"clean_room (0.5739651), biology_laboratory (0.2255504), chemistry_lab (0.06451395), operating_room (0.038751896), hospital_room (0.034347016)",34637
2719,65256,indoor,"clean_room (0.7317317), biology_laboratory (0.12738967), chemistry_lab (0.041272935), operating_room (0.037417185), hospital_room (0.02597464)",34637
2720,65280,indoor,"clean_room (0.81208307), biology_laboratory (0.0654445), operating_room (0.042012814), hospital_room (0.03243865), chemistry_lab (0.031168079)",34637
2721,65304,indoor,"clean_room (0.6061805), biology_laboratory (0.16874011), chemistry_lab (0.09512346), hospital_room (0.038515836), operating_room (0.028624693)",34637
2722,65328,indoor,"clean_room (0.63079965), biology_laboratory (0.20727661), chemistry_lab (0.07460307), hospital_room (0.023453997), dressing_room (0.017121337)",34637
2723,65352,indoor,"clean_room (0.47526285), biology_laboratory (0.33946592), chemistry_lab (0.1071031), dressing_room (0.018180313), hospital_room (0.01490885)",34637
2724,65376,indoor,"clean_room (0.46206918), biology_laboratory (0.3664182), chemistry_lab (0.12470437), dressing_room (0.012094643), pharmacy (0.0074550607)",34637
2725,65400,indoor,"clean_room (0.5540942), biology_laboratory (0.26565), chemistry_lab (0.10120788), dressing_room (0.020841593), hospital_room (0.020578912)",34637
2726,65424,indoor,"clean_room (0.44228938), biology_laboratory (0.28392658), chemistry_lab (0.1560775), dressing_room (0.04389544), hospital_room (0.024911435)",34637
2727,65448,indoor,"clean_room (0.45073652), biology_laboratory (0.31506297), chemistry_lab (0.15320686), dressing_room (0.021142919), hospital_room (0.018307567)",34637
2728,65472,indoor,"clean_room (0.56568044), biology_laboratory (0.25987756), chemistry_lab (0.09779727), hospital_room (0.023528647), operating_room (0.020608168)",34637
2729,65496,indoor,"clean_room (0.4316386), biology_laboratory (0.20499615), chemistry_lab (0.13200857), hospital_room (0.08950496), operating_room (0.06273764)",34637
2730,65520,indoor,"clean_room (0.6219297), dressing_room (0.11271024), biology_laboratory (0.08477273), hospital_room (0.047706954), chemistry_lab (0.0379609)",34637
2731,65544,indoor,"clean_room (0.36466175), dressing_room (0.15373734), biology_laboratory (0.12459554), chemistry_lab (0.10635696), archive (0.046404842)",34637
2732,65568,indoor,"clean_room (0.43714324), chemistry_lab (0.34165677), biology_laboratory (0.17015646), hospital_room (0.02408855), operating_room (0.010730707)",34637
2733,65592,indoor,"clean_room (0.32620367), dressing_room (0.1362119), hospital_room (0.11998429), biology_laboratory (0.111058265), chemistry_lab (0.088023886)",34637
2734,65616,indoor,"clean_room (0.45008743), operating_room (0.21973489), hospital_room (0.19085091), dressing_room (0.0466696), biology_laboratory (0.026411083)",34637
2735,65640,indoor,"clean_room (0.4234779), hospital_room (0.20463742), dressing_room (0.14491494), operating_room (0.11380895), nursery (0.033574264)",34637
2736,65664,indoor,"clean_room (0.587254), hospital_room (0.12348973), dressing_room (0.123184144), operating_room (0.09407334), biology_laboratory (0.02291618)",34637
2737,65688,indoor,"dressing_room (0.48245233), clean_room (0.37443647), operating_room (0.04795914), hospital_room (0.04284696), chemistry_lab (0.018942783)",34637
2738,65712,indoor,"clean_room (0.6221187), dressing_room (0.15666209), operating_room (0.08345946), hospital_room (0.06607881), chemistry_lab (0.031479027)",34637
2739,65736,indoor,"clean_room (0.42755204), operating_room (0.21757731), dressing_room (0.15416802), hospital_room (0.12754667), chemistry_lab (0.031661794)",34637
2740,65760,indoor,"clean_room (0.4725352), dressing_room (0.19260101), operating_room (0.14183858), hospital_room (0.110561475), chemistry_lab (0.033868276)",34637
2741,65784,indoor,"clean_room (0.54653656), dressing_room (0.13495296), chemistry_lab (0.086317845), hospital_room (0.08300038), operating_room (0.07950183)",34637
2742,65808,indoor,"clean_room (0.40045133), dressing_room (0.27413356), hospital_room (0.15063772), operating_room (0.09576294), chemistry_lab (0.04808893)",34637
2743,65832,indoor,"dressing_room (0.52153647), clean_room (0.31368542), operating_room (0.060083088), hospital_room (0.042093948), chemistry_lab (0.031509835)",34637
2744,65856,indoor,"clean_room (0.4996337), dressing_room (0.31479242), hospital_room (0.06314711), operating_room (0.04941645), chemistry_lab (0.03126516)",34637
2745,65880,indoor,"clean_room (0.44837022), dressing_room (0.395272), hospital_room (0.057666745), operating_room (0.05368114), chemistry_lab (0.016590688)",34637
2746,65904,indoor,"clean_room (0.6834122), operating_room (0.086497284), dressing_room (0.06487887), hospital_room (0.053090688), chemistry_lab (0.048538536)",34637
2747,65928,indoor,"clean_room (0.60393405), operating_room (0.09827017), dressing_room (0.09790125), chemistry_lab (0.062545754), hospital_room (0.058539562)",34637
2748,65952,indoor,"dressing_room (0.42016914), clean_room (0.38467968), operating_room (0.070336066), hospital_room (0.049180612), chemistry_lab (0.026279937)",34637
2749,65976,indoor,"clean_room (0.3332917), chemistry_lab (0.2773167), dressing_room (0.1363674), biology_laboratory (0.13227195), beauty_salon (0.047475968)",34637
2750,66000,indoor,"chemistry_lab (0.34297937), biology_laboratory (0.25028378), clean_room (0.22755651), drugstore (0.07281062), pharmacy (0.044446606)",34637
2751,66024,indoor,"clean_room (0.45091113), biology_laboratory (0.28874606), chemistry_lab (0.09649689), dressing_room (0.03091001), drugstore (0.02238925)",34637
2752,66048,indoor,"biology_laboratory (0.36403486), clean_room (0.2982317), chemistry_lab (0.11276478), pharmacy (0.04760153), drugstore (0.045834776)",34637
2753,66072,indoor,"clean_room (0.41505796), biology_laboratory (0.3045004), chemistry_lab (0.11048855), pharmacy (0.042737838), drugstore (0.025756387)",34637
2754,66096,indoor,"clean_room (0.66026795), biology_laboratory (0.13063815), chemistry_lab (0.0535324), dressing_room (0.04168547), hospital_room (0.031635996)",34637
2755,66120,indoor,"clean_room (0.7245564), dressing_room (0.07351685), biology_laboratory (0.07163244), hospital_room (0.032813832), chemistry_lab (0.026043227)",34637
2756,66144,indoor,"clean_room (0.45910496), biology_laboratory (0.1848178), dressing_room (0.12920587), hospital_room (0.0658872), chemistry_lab (0.059246838)",34637
2757,66168,indoor,"clean_room (0.45407403), biology_laboratory (0.16609202), hospital_room (0.10314669), dressing_room (0.09618446), chemistry_lab (0.06389156)",34637
2758,66192,indoor,"clean_room (0.47093284), biology_laboratory (0.14927407), dressing_room (0.11797496), hospital_room (0.08839246), chemistry_lab (0.053371947)",34637
2759,66216,indoor,"clean_room (0.4788879), biology_laboratory (0.22305341), dressing_room (0.088984065), chemistry_lab (0.06597874), hospital_room (0.053264696)",34637
2760,66240,indoor,"clean_room (0.5416873), biology_laboratory (0.18463038), dressing_room (0.07303558), chemistry_lab (0.05911066), hospital_room (0.039343342)",34637
2761,66264,indoor,"biology_laboratory (0.34286082), clean_room (0.31957316), chemistry_lab (0.11891663), dressing_room (0.07793413), hospital_room (0.04567834)",34637
2762,66288,indoor,"biology_laboratory (0.3982438), clean_room (0.26945266), chemistry_lab (0.095106706), dressing_room (0.073827066), hospital_room (0.034615748)",34637
2763,66312,indoor,"clean_room (0.35492316), biology_laboratory (0.35398817), chemistry_lab (0.1462756), dressing_room (0.033965055), hospital_room (0.032433085)",34637
2764,66336,indoor,"biology_laboratory (0.25281638), clean_room (0.23873824), operating_room (0.11034517), hospital_room (0.11018082), dressing_room (0.10883343)",34637
2765,66360,indoor,"biology_laboratory (0.35424265), chemistry_lab (0.28132233), clean_room (0.12046661), dressing_room (0.09115534), hospital_room (0.044446155)",34637
2766,66384,indoor,"biology_laboratory (0.21976711), clean_room (0.18324654), dressing_room (0.16588907), chemistry_lab (0.15831722), hospital_room (0.116969936)",34637
2767,66408,indoor,"clean_room (0.3997871), biology_laboratory (0.17199516), chemistry_lab (0.15952756), dressing_room (0.10062649), hospital_room (0.07053715)",34637
2768,66432,indoor,"clean_room (0.3414226), hospital_room (0.1783551), dressing_room (0.1728413), operating_room (0.11388162), biology_laboratory (0.07633658)",34637
2769,66456,indoor,"clean_room (0.3472066), dressing_room (0.18193495), biology_laboratory (0.14791659), hospital_room (0.10289644), chemistry_lab (0.09969165)",34637
2770,66480,indoor,"dressing_room (0.41041654), clean_room (0.17576456), office (0.086183585), hospital_room (0.06419615), discotheque (0.047524028)",34637
2771,66504,indoor,"dressing_room (0.36395144), clean_room (0.16394599), office (0.12860624), hospital_room (0.060381133), beauty_salon (0.048798207)",34637
2772,66528,indoor,"clean_room (0.24017549), dressing_room (0.22493733), biology_laboratory (0.15792546), chemistry_lab (0.14731549), hospital_room (0.07048752)",34637
2773,66552,indoor,"clean_room (0.48743019), hospital_room (0.14526692), biology_laboratory (0.0774163), dressing_room (0.076180466), operating_room (0.074560314)",34637
2774,66576,indoor,"clean_room (0.42023516), hospital_room (0.1548724), biology_laboratory (0.09916873), operating_room (0.08598584), dressing_room (0.07374101)",34637
2775,66600,indoor,"clean_room (0.4134077), biology_laboratory (0.27271786), chemistry_lab (0.20351677), hospital_room (0.028662758), operating_room (0.019048827)",34637
2776,66624,indoor,"chemistry_lab (0.36354113), biology_laboratory (0.29728347), clean_room (0.24612994), pharmacy (0.017393483), hospital_room (0.01646212)",34637
2777,66648,indoor,"chemistry_lab (0.37163848), clean_room (0.2083089), dressing_room (0.19305961), biology_laboratory (0.17279084), hospital_room (0.01604865)",34637
2778,66672,indoor,"clean_room (0.61000705), operating_room (0.10403555), dressing_room (0.100798376), hospital_room (0.091987126), biology_laboratory (0.037619505)",34637
2779,66696,indoor,"clean_room (0.42285573), chemistry_lab (0.1768912), biology_laboratory (0.11884343), hospital_room (0.10240871), dressing_room (0.058931492)",34637
2780,66720,indoor,"biology_laboratory (0.28629318), clean_room (0.26695767), chemistry_lab (0.21040736), hospital_room (0.067977116), dressing_room (0.043071106)",34637
2781,66744,indoor,"clean_room (0.3142978), dressing_room (0.17497462), hospital_room (0.13044754), chemistry_lab (0.12120241), biology_laboratory (0.108618505)",34637
2782,66768,indoor,"clean_room (0.4039167), hospital_room (0.2001009), operating_room (0.14418997), biology_laboratory (0.092672974), chemistry_lab (0.07682178)",34637
2783,66792,indoor,"dressing_room (0.49569327), beauty_salon (0.10223503), discotheque (0.09776682), clean_room (0.08208237), chemistry_lab (0.043464307)",34637
2784,66816,indoor,"dressing_room (0.71933484), clean_room (0.08039762), beauty_salon (0.05708988), hospital_room (0.039497856), discotheque (0.035292715)",34637
2785,66840,indoor,"dressing_room (0.49144492), clean_room (0.14120218), hospital_room (0.10303662), beauty_salon (0.08709864), office (0.05535635)",34637
2786,66864,indoor,"dressing_room (0.3507804), clean_room (0.26297554), hospital_room (0.08687782), discotheque (0.08466555), stage/indoor (0.051533036)",34637
2787,66888,indoor,"office (0.26942515), dressing_room (0.24537545), clean_room (0.12570822), beauty_salon (0.088546276), hospital_room (0.08614762)",34637
2788,66912,indoor,"dressing_room (0.32436666), clean_room (0.22037429), hospital_room (0.09728615), office (0.09469542), beauty_salon (0.04864175)",34637
2789,66936,indoor,"dressing_room (0.34106788), clean_room (0.1870663), discotheque (0.11538073), hospital_room (0.06957774), stage/indoor (0.062275946)",34637
2790,66960,indoor,"dressing_room (0.32672793), clean_room (0.17100756), hospital_room (0.12530358), beauty_salon (0.0969378), office (0.09335895)",34637
2791,66984,indoor,"chemistry_lab (0.7517351), biology_laboratory (0.15654084), clean_room (0.062106684), dressing_room (0.009943896), pharmacy (0.0051037916)",34637
2792,67008,indoor,"chemistry_lab (0.5347911), clean_room (0.27066272), biology_laboratory (0.15028033), dressing_room (0.016616052), hospital_room (0.0078597125)",34637
2793,67032,indoor,"chemistry_lab (0.606446), biology_laboratory (0.20480411), clean_room (0.15104304), dressing_room (0.010511735), hospital_room (0.0060439287)",34637
2794,67056,indoor,"chemistry_lab (0.63450575), biology_laboratory (0.24308586), clean_room (0.060564157), dressing_room (0.022161508), hospital_room (0.0148749165)",34637
2795,67080,indoor,"chemistry_lab (0.62964815), biology_laboratory (0.24743897), clean_room (0.084713675), dressing_room (0.016308375), hospital_room (0.008490831)",34637
2796,67104,indoor,"chemistry_lab (0.57514614), biology_laboratory (0.25510058), clean_room (0.1324116), dressing_room (0.009814264), hospital_room (0.009373252)",34637
2797,67128,indoor,"chemistry_lab (0.5069994), biology_laboratory (0.21757951), clean_room (0.18163852), hospital_room (0.029843308), dressing_room (0.027864575)",34637
2798,67152,indoor,"chemistry_lab (0.48871887), biology_laboratory (0.2705505), clean_room (0.18866082), hospital_room (0.014916365), dressing_room (0.011533082)",34637
2799,67176,indoor,"chemistry_lab (0.5357289), biology_laboratory (0.2450737), clean_room (0.16441895), dressing_room (0.015095494), hospital_room (0.014314948)",34637
2800,67200,indoor,"chemistry_lab (0.78266007), biology_laboratory (0.16826215), pharmacy (0.017420152), clean_room (0.012113662), drugstore (0.008125162)",34637
2801,67224,indoor,"chemistry_lab (0.7221505), biology_laboratory (0.15862316), clean_room (0.064584576), dressing_room (0.036097124), beauty_salon (0.0041197427)",34637
2802,67248,indoor,"chemistry_lab (0.6100558), biology_laboratory (0.17547454), dressing_room (0.088558696), clean_room (0.08834022), beauty_salon (0.012489533)",34637
2803,67272,indoor,"chemistry_lab (0.6702922), biology_laboratory (0.16606851), clean_room (0.06633975), dressing_room (0.06148621), beauty_salon (0.012638266)",34637
2804,67296,indoor,"chemistry_lab (0.7196008), biology_laboratory (0.17624068), clean_room (0.07405987), dressing_room (0.01401368), pharmacy (0.003152163)",34637
2805,67320,indoor,"chemistry_lab (0.6893801), biology_laboratory (0.2250192), clean_room (0.056398068), dressing_room (0.009610461), pharmacy (0.0048984983)",34637
2806,67344,indoor,"chemistry_lab (0.55915415), biology_laboratory (0.2628289), clean_room (0.11818033), dressing_room (0.025679717), beauty_salon (0.009688795)",34637
2807,67368,indoor,"chemistry_lab (0.45576614), clean_room (0.31620649), biology_laboratory (0.18465245), hospital_room (0.010550222), operating_room (0.010369089)",34637
2808,67392,indoor,"chemistry_lab (0.4684285), biology_laboratory (0.26588908), clean_room (0.21566366), hospital_room (0.009661964), operating_room (0.008546428)",34637
2809,67416,indoor,"chemistry_lab (0.43177232), clean_room (0.31668344), biology_laboratory (0.22369397), operating_room (0.008023978), hospital_room (0.005501787)",34637
2810,67440,indoor,"chemistry_lab (0.4498639), clean_room (0.29473603), biology_laboratory (0.21362329), hospital_room (0.007901632), operating_room (0.0069967997)",34637
2811,67464,indoor,"chemistry_lab (0.5718384), biology_laboratory (0.2328781), clean_room (0.16043377), dressing_room (0.012954778), beauty_salon (0.003941891)",34637
2812,67488,indoor,"chemistry_lab (0.49366847), biology_laboratory (0.2506258), clean_room (0.2007844), dressing_room (0.015278185), hospital_room (0.008781266)",34637
2813,67512,indoor,"chemistry_lab (0.3700038), clean_room (0.30839118), biology_laboratory (0.2371751), dressing_room (0.048596), beauty_salon (0.007661057)",34637
2814,67536,indoor,"clean_room (0.53867114), chemistry_lab (0.26808566), biology_laboratory (0.12370793), hospital_room (0.01808604), operating_room (0.017274782)",34637
2815,67560,indoor,"chemistry_lab (0.5972528), biology_laboratory (0.16333012), clean_room (0.1516174), dressing_room (0.052710615), beauty_salon (0.015489889)",34637
2816,67584,indoor,"chemistry_lab (0.5166917), clean_room (0.21258457), biology_laboratory (0.18822907), dressing_room (0.052592736), beauty_salon (0.0075682746)",34637
2817,67608,outdoor,"shower (0.19932796), igloo (0.15582763), discotheque (0.10485765), tower (0.044796064), skyscraper (0.03612955)",34637
2818,67632,indoor,"basement (0.4960311), shower (0.15806685), jail_cell (0.06314064), elevator/door (0.052954327), locker_room (0.021369645)",34637
2819,67656,indoor,"shower (0.4148965), elevator/door (0.11813159), basement (0.076467335), elevator_lobby (0.027381053), discotheque (0.025244186)",34637
2820,67680,indoor,"elevator/door (0.28681827), shower (0.1944678), elevator_lobby (0.15449639), dressing_room (0.121786095), bathroom (0.03865702)",34637
2821,67704,indoor,"shower (0.33055332), elevator/door (0.22050971), dressing_room (0.13071747), elevator_lobby (0.11222853), bathroom (0.054302115)",34637
2822,67728,indoor,"elevator/door (0.2769929), shower (0.24288264), elevator_lobby (0.147677), dressing_room (0.1308821), bathroom (0.048535082)",34637
2823,67752,indoor,"clean_room (0.32000443), museum/indoor (0.23412716), art_gallery (0.077384084), shower (0.07314779), elevator/door (0.03655829)",34637
2824,67776,indoor,"museum/indoor (0.3681233), clean_room (0.34567112), shower (0.050161704), dressing_room (0.042423148), art_gallery (0.026298713)",34637
2825,67800,indoor,"clean_room (0.47637796), museum/indoor (0.3208775), shower (0.04967846), dressing_room (0.026643533), operating_room (0.024087695)",34637
2826,67824,indoor,"clean_room (0.29049048), shower (0.17126897), museum/indoor (0.14611949), dressing_room (0.13109899), clothing_store (0.049765974)",34637
2827,67848,indoor,"clean_room (0.8889999), museum/indoor (0.03385656), clothing_store (0.03130157), dressing_room (0.013108928), locker_room (0.008978747)",34637
2828,67872,indoor,"museum/indoor (0.5291518), clean_room (0.17906925), clothing_store (0.06263081), dressing_room (0.054238338), art_gallery (0.029208787)",34637
2829,67896,indoor,"museum/indoor (0.22478881), clean_room (0.21984896), dressing_room (0.19363025), clothing_store (0.12054153), shower (0.038192835)",34637
2830,67920,indoor,"discotheque (0.27021968), dressing_room (0.26686987), clean_room (0.1319782), stage/indoor (0.06945443), museum/indoor (0.0631207)",34637
2831,67944,indoor,"clean_room (0.6103585), dressing_room (0.15296653), discotheque (0.055703633), chemistry_lab (0.035352014), museum/indoor (0.024448797)",34637
2832,67968,indoor,"clean_room (0.29314357), dressing_room (0.25980395), discotheque (0.18662627), chemistry_lab (0.05423919), stage/indoor (0.039984666)",34637
2833,67992,indoor,"clean_room (0.8548671), chemistry_lab (0.07118571), biology_laboratory (0.021369914), operating_room (0.013229016), dressing_room (0.009921956)",34637
2834,68016,indoor,"clean_room (0.8308684), dressing_room (0.04530838), chemistry_lab (0.0347097), discotheque (0.024053853), operating_room (0.011605378)",34637
2835,68040,indoor,"clean_room (0.7416807), dressing_room (0.08716872), discotheque (0.043841552), chemistry_lab (0.03704246), stage/indoor (0.015398525)",34637
2836,68064,indoor,"clean_room (0.9009711), dressing_room (0.027443012), chemistry_lab (0.025178658), discotheque (0.008013181), operating_room (0.005920208)",34637
2837,68088,indoor,"clean_room (0.90930295), dressing_room (0.030248733), chemistry_lab (0.018629469), discotheque (0.0068386295), operating_room (0.005233119)",34637
2838,68112,indoor,"clean_room (0.88420963), chemistry_lab (0.034371544), dressing_room (0.02554079), discotheque (0.008155794), operating_room (0.008046176)",34637
2839,68136,indoor,"clean_room (0.93879193), chemistry_lab (0.020068396), museum/indoor (0.008393731), operating_room (0.0076343543), dressing_room (0.004161023)",34637
2840,68160,indoor,"clean_room (0.9160604), chemistry_lab (0.01692533), dressing_room (0.010308102), discotheque (0.01002542), operating_room (0.009802778)",34637
2841,68184,indoor,"clean_room (0.94790816), dressing_room (0.011733983), chemistry_lab (0.010252849), operating_room (0.005737495), discotheque (0.0039770636)",34637
2842,68208,indoor,"clean_room (0.95083684), chemistry_lab (0.015730472), dressing_room (0.00964071), operating_room (0.007635868), shower (0.002416479)",34637
2843,68232,indoor,"clean_room (0.9677969), chemistry_lab (0.0068377513), operating_room (0.006166363), dressing_room (0.006021728), shower (0.0021520678)",34637
2844,68256,indoor,"clean_room (0.9663231), chemistry_lab (0.007876647), operating_room (0.0067123105), dressing_room (0.0058573075), museum/indoor (0.0028067348)",34637
2845,68280,indoor,"clean_room (0.9547005), dressing_room (0.013242309), chemistry_lab (0.009529667), operating_room (0.007000843), shower (0.0032155463)",34637
2846,68304,indoor,"clean_room (0.96783453), dressing_room (0.007682671), chemistry_lab (0.005896291), operating_room (0.0056671477), museum/indoor (0.0024694316)",34637
2847,68328,indoor,"clean_room (0.9685609), dressing_room (0.008718656), chemistry_lab (0.0068200333), operating_room (0.005058846), museum/indoor (0.0017110076)",34637
2848,68352,indoor,"clean_room (0.93493116), dressing_room (0.024841141), chemistry_lab (0.009545227), museum/indoor (0.006346539), operating_room (0.0062694894)",34637
2849,68376,indoor,"clean_room (0.9519758), chemistry_lab (0.012199224), dressing_room (0.010441229), operating_room (0.0075776186), shower (0.003064056)",34637
2850,68400,indoor,"clean_room (0.9248043), chemistry_lab (0.011300969), operating_room (0.010883645), dressing_room (0.010819926), museum/indoor (0.007861169)",34637
2851,68424,indoor,"clean_room (0.96204275), operating_room (0.007496556), museum/indoor (0.005788681), chemistry_lab (0.0057565803), shower (0.0039109276)",34637
2852,68448,indoor,"clean_room (0.92568487), discotheque (0.016201405), chemistry_lab (0.01062885), operating_room (0.00603763), stage/indoor (0.0058986694)",34637
2853,68472,indoor,"clean_room (0.42383912), dressing_room (0.20712864), shower (0.16642793), chemistry_lab (0.046270717), operating_room (0.023005074)",34637
2854,68496,indoor,"clean_room (0.26792964), shower (0.25032115), dressing_room (0.22543679), museum/indoor (0.11367826), discotheque (0.03853596)",34637
2855,68520,indoor,"museum/indoor (0.49842846), dressing_room (0.2226762), clean_room (0.09509698), art_gallery (0.068430625), nursery (0.027735516)",34637
2856,68544,indoor,"museum/indoor (0.5096827), clean_room (0.23309062), art_gallery (0.12958176), science_museum (0.014596645), dressing_room (0.013853879)",34637
2857,68568,indoor,"clean_room (0.6315535), museum/indoor (0.25989273), dressing_room (0.034013413), art_gallery (0.0249406), shower (0.0127203)",34637
2858,68592,indoor,"clean_room (0.7273947), dressing_room (0.07671181), museum/indoor (0.039355863), art_gallery (0.02738013), shower (0.018398978)",34637
2859,68616,indoor,"clean_room (0.6692121), shower (0.16978052), dressing_room (0.069443084), clothing_store (0.02265101), closet (0.01630267)",34637
2860,68640,indoor,"shower (0.60105157), clean_room (0.28158632), bathroom (0.02180383), clothing_store (0.021286033), museum/indoor (0.015160997)",34637
2861,68664,indoor,"clean_room (0.5495687), museum/indoor (0.32074037), art_gallery (0.03459391), drugstore (0.009807973), science_museum (0.008794202)",34637
2862,68688,indoor,"dressing_room (0.74527484), clothing_store (0.105557494), museum/indoor (0.04080034), clean_room (0.027505161), locker_room (0.019300213)",34637
2863,68712,indoor,"clean_room (0.3285882), museum/indoor (0.2414466), clothing_store (0.16461146), dressing_room (0.11985838), art_gallery (0.029553484)",34637
2864,68736,indoor,"clean_room (0.29975662), museum/indoor (0.29798773), clothing_store (0.19388011), dressing_room (0.09297804), elevator_lobby (0.03739402)",34637
2865,68760,indoor,"elevator_lobby (0.5674798), elevator/door (0.15447967), artists_loft (0.042508375), beauty_salon (0.038329974), art_gallery (0.037746087)",34637
2866,68784,indoor,"elevator_lobby (0.64126605), elevator/door (0.17138329), reception (0.032063823), beauty_salon (0.02987571), art_gallery (0.018812712)",34637
2867,68808,indoor,"elevator_lobby (0.36808383), museum/indoor (0.12294275), reception (0.09120581), artists_loft (0.06579565), elevator/door (0.061221585)",34637
2868,68832,indoor,"museum/indoor (0.41063517), elevator_lobby (0.23423208), clothing_store (0.11904303), elevator/door (0.050530594), art_gallery (0.038117547)",34637
2869,68856,indoor,"museum/indoor (0.42516226), elevator_lobby (0.25434005), clothing_store (0.091325656), elevator/door (0.05450839), art_gallery (0.037684336)",34637
2870,68880,indoor,"museum/indoor (0.5082002), elevator_lobby (0.15316364), clean_room (0.08989921), clothing_store (0.060650554), elevator/door (0.051208764)",34637
2871,68904,indoor,"elevator_lobby (0.46280637), museum/indoor (0.13979602), elevator/door (0.100569606), beauty_salon (0.060308993), clothing_store (0.059020646)",34637
2872,68928,indoor,"elevator/door (0.3734374), shower (0.23427312), bow_window/indoor (0.116192795), closet (0.061295204), elevator_lobby (0.050165232)",34637
2873,68952,indoor,"shower (0.9353095), natural_history_museum (0.01756529), science_museum (0.011144136), art_gallery (0.010853764), museum/indoor (0.008063263)",34637
2874,68976,indoor,"shower (0.9385319), bathroom (0.015816856), natural_history_museum (0.009859179), science_museum (0.007407191), art_gallery (0.0064723035)",34637
2875,69000,indoor,"shower (0.4827737), aquarium (0.17363618), natural_history_museum (0.09584638), science_museum (0.069168285), bathroom (0.0404599)",34637
2876,69024,indoor,"natural_history_museum (0.26505244), museum/indoor (0.19221741), science_museum (0.17871022), aquarium (0.13970692), art_gallery (0.120210335)",34637
2877,69048,indoor,"natural_history_museum (0.2979168), science_museum (0.19727413), museum/indoor (0.17947459), art_gallery (0.17479452), shower (0.1172516)",34637
2878,69072,indoor,"natural_history_museum (0.4278773), science_museum (0.20720632), shower (0.18154079), art_gallery (0.08621941), museum/indoor (0.06936572)",34637
2879,69096,indoor,"natural_history_museum (0.42945892), science_museum (0.25345206), shower (0.11866967), museum/indoor (0.09448456), art_gallery (0.06783617)",34637
2880,69120,indoor,"natural_history_museum (0.47669604), science_museum (0.19806184), shower (0.119263254), museum/indoor (0.11393385), art_gallery (0.043442864)",34637
2881,69144,indoor,"dining_room (0.19038926), operating_room (0.15761352), banquet_hall (0.11192353), clean_room (0.10487424), nursery (0.08456162)",34637
2882,69168,indoor,"banquet_hall (0.28988504), dining_room (0.23370953), dining_hall (0.12604438), restaurant (0.09002017), cafeteria (0.045473877)",34637
2883,69192,indoor,"operating_room (0.5424742), clean_room (0.13918304), hospital_room (0.10810598), dining_room (0.051472), nursery (0.032959867)",34637
2884,69216,indoor,"operating_room (0.61711216), hospital_room (0.14199075), clean_room (0.14147387), nursery (0.034832653), nursing_home (0.007973976)",34637
2885,69240,indoor,"operating_room (0.2579327), clean_room (0.17277718), dining_room (0.11979334), nursery (0.102050215), banquet_hall (0.061587684)",34637
2886,69264,indoor,"dining_room (0.52340525), banquet_hall (0.086906455), dining_hall (0.075074404), nursery (0.055262342), operating_room (0.05304871)",34637
2887,69288,indoor,"dining_room (0.3902082), banquet_hall (0.16629887), dining_hall (0.14582017), nursery (0.08118065), operating_room (0.025145859)",34637
2888,69312,indoor,"dining_room (0.29557592), dining_hall (0.19902289), banquet_hall (0.14906096), restaurant (0.099080056), cafeteria (0.05858219)",34637
2889,69336,indoor,"dining_hall (0.16332884), dining_room (0.1245966), banquet_hall (0.11184361), nursery (0.094973415), operating_room (0.06303245)",34637
2890,69360,indoor,"banquet_hall (0.53349286), dining_hall (0.15150744), cafeteria (0.0903579), restaurant (0.07799909), operating_room (0.028041512)",34637
2891,69384,indoor,"banquet_hall (0.22642425), cafeteria (0.1563085), restaurant (0.10121327), dining_hall (0.0799558), chemistry_lab (0.0778917)",34637
2892,69408,indoor,"chemistry_lab (0.18966606), operating_room (0.1356275), hospital_room (0.09736022), clean_room (0.08713217), banquet_hall (0.07373622)",34637
2893,69432,indoor,"restaurant (0.27795836), ice_cream_parlor (0.10151265), cafeteria (0.091976434), kindergarden_classroom (0.08029063), chemistry_lab (0.06708706)",34637
2894,69456,indoor,"restaurant (0.22015615), classroom (0.10342678), banquet_hall (0.103423424), cafeteria (0.08253627), bar (0.06554879)",34637
2895,69480,indoor,"restaurant (0.2391207), cafeteria (0.14049381), ice_cream_parlor (0.1162155), kindergarden_classroom (0.093357906), banquet_hall (0.0800431)",34637
2896,69504,indoor,"banquet_hall (0.31224358), cafeteria (0.20573153), dining_hall (0.18647332), restaurant (0.10648241), archive (0.041697677)",34637
2897,69528,indoor,"banquet_hall (0.30621123), restaurant (0.18157558), cafeteria (0.15304583), dining_hall (0.15051767), archive (0.0382593)",34637
2898,69552,indoor,"banquet_hall (0.189902), cafeteria (0.14353117), restaurant (0.13218096), archive (0.10933583), dining_hall (0.08886838)",34637
2899,69576,indoor,"cafeteria (0.35901082), banquet_hall (0.2020981), dining_hall (0.20032905), restaurant (0.09871517), food_court (0.031208107)",34637
2900,69600,indoor,"archive (0.24304123), banquet_hall (0.19037431), cafeteria (0.11255408), dining_hall (0.100753695), kindergarden_classroom (0.068730325)",34637
2901,69624,indoor,"cafeteria (0.29488784), dining_hall (0.21052223), banquet_hall (0.12102518), restaurant (0.095624916), food_court (0.047440946)",34637
2902,69648,indoor,"cafeteria (0.29330355), dining_hall (0.16688393), banquet_hall (0.096511535), restaurant (0.0738547), food_court (0.059809983)",34637
2903,69672,indoor,"archive (0.4152944), kindergarden_classroom (0.16129677), classroom (0.10357389), library/indoor (0.070918456), cafeteria (0.044665813)",34637
2904,69696,indoor,"classroom (0.28146353), archive (0.276236), kindergarden_classroom (0.25089046), library/indoor (0.043833066), lecture_room (0.035200644)",34637
2905,69720,indoor,"archive (0.46371847), classroom (0.20027861), kindergarden_classroom (0.12098561), library/indoor (0.07418745), lecture_room (0.023433607)",34637
2906,69744,indoor,"archive (0.3440483), classroom (0.19013165), kindergarden_classroom (0.17339244), library/indoor (0.105508894), lecture_room (0.044334117)",34637
2907,69768,indoor,"archive (0.27816677), classroom (0.2237372), library/indoor (0.116785064), kindergarden_classroom (0.09413837), dining_hall (0.047526952)",34637
2908,69792,indoor,"archive (0.26816162), classroom (0.25791013), kindergarden_classroom (0.19653393), library/indoor (0.10368479), lecture_room (0.031178288)",34637
2909,69816,indoor,"archive (0.2699006), kindergarden_classroom (0.25591937), classroom (0.23497969), library/indoor (0.054089002), lecture_room (0.028542016)",34637
2910,69840,indoor,"archive (0.4344216), kindergarden_classroom (0.19408184), classroom (0.11102546), library/indoor (0.08653956), dining_hall (0.03150612)",34637
2911,69864,indoor,"archive (0.46012563), kindergarden_classroom (0.15532091), classroom (0.13516925), library/indoor (0.06735938), dining_hall (0.030251827)",34637
2912,69888,indoor,"archive (0.28494555), banquet_hall (0.111070074), dining_hall (0.091661446), library/indoor (0.0811706), cafeteria (0.08084929)",34637
2913,69912,indoor,"classroom (0.20291445), archive (0.18963574), kindergarden_classroom (0.17920086), chemistry_lab (0.07523983), library/indoor (0.05433688)",34637
2914,69936,indoor,"dining_hall (0.22569178), cafeteria (0.21460664), banquet_hall (0.18595341), restaurant (0.096852265), classroom (0.06937474)",34637
2915,69960,indoor,"archive (0.46829346), kindergarden_classroom (0.14590245), classroom (0.13025486), library/indoor (0.04124023), banquet_hall (0.022651616)",34637
2916,69984,indoor,"kindergarden_classroom (0.3890646), archive (0.19660465), classroom (0.15414381), cafeteria (0.03249738), hospital_room (0.027577171)",34637
2917,70008,indoor,"kindergarden_classroom (0.36953217), archive (0.3141037), classroom (0.21639952), art_school (0.015617675), lecture_room (0.010671902)",34637
2918,70032,indoor,"kindergarden_classroom (0.5937606), classroom (0.2863115), archive (0.046646357), lecture_room (0.015624214), cafeteria (0.012206784)",34637
2919,70056,indoor,"kindergarden_classroom (0.5998982), classroom (0.18787931), archive (0.07459516), cafeteria (0.026798615), lecture_room (0.023322776)",34637
2920,70080,indoor,"archive (0.85472107), bow_window/indoor (0.033872187), office (0.014065813), classroom (0.011516884), sauna (0.009945924)",34637
2921,70104,indoor,"archive (0.54010755), bow_window/indoor (0.13822092), nursery (0.04164076), alcove (0.0345912), office (0.026023949)",34637
2922,70128,indoor,"staircase (0.74150646), basement (0.08065108), mezzanine (0.021634765), attic (0.021061184), atrium/public (0.018271934)",34637
2923,70152,indoor,"tower (0.15433869), chemistry_lab (0.12817422), staircase (0.108018875), archive (0.0865528), pharmacy (0.0824026)",34637
2924,70176,indoor,"jail_cell (0.3864912), sauna (0.29545832), bow_window/indoor (0.054957937), shower (0.052034047), museum/indoor (0.0354395)",34637
2925,70200,indoor,"jail_cell (0.33083698), sauna (0.23962449), bow_window/indoor (0.08806789), museum/indoor (0.058771446), shower (0.055868767)",34637
2926,70224,indoor,"jail_cell (0.3765002), sauna (0.23445056), bow_window/indoor (0.074280806), shower (0.053238954), museum/indoor (0.034173228)",34637
2927,70248,indoor,"chemistry_lab (0.20298184), kindergarden_classroom (0.16435494), clean_room (0.10628801), dressing_room (0.0934376), archive (0.05699951)",34637
2928,70272,indoor,"dressing_room (0.20163952), banquet_hall (0.07454404), chemistry_lab (0.057926398), restaurant (0.057380974), dining_room (0.04562288)",34637
2929,70296,indoor,"dressing_room (0.28567335), banquet_hall (0.21156377), restaurant (0.073952064), dining_hall (0.051764857), chemistry_lab (0.040816087)",34637
2930,70320,indoor,"banquet_hall (0.3841948), dining_hall (0.12654366), kindergarden_classroom (0.07826201), dressing_room (0.06193757), dining_room (0.057710472)",34637
2931,70344,indoor,"banquet_hall (0.62481344), dining_hall (0.12644246), dining_room (0.06894641), kindergarden_classroom (0.058118366), restaurant (0.023888858)",34637
2932,70368,indoor,"archive (0.24411458), classroom (0.10755407), art_gallery (0.09810596), art_studio (0.09191712), office (0.076904364)",34637
2933,70392,indoor,"archive (0.34635916), locker_room (0.08682662), art_studio (0.086323306), chemistry_lab (0.074233465), clean_room (0.0656467)",34637
2934,70416,indoor,"archive (0.39110163), locker_room (0.11259162), chemistry_lab (0.08298399), clean_room (0.07373594), art_studio (0.06809179)",34637
2935,70440,indoor,"archive (0.56921035), office (0.07238444), art_studio (0.059370574), chemistry_lab (0.055295464), classroom (0.040586956)",34637
2936,70464,indoor,"dressing_room (0.57318527), restaurant (0.120816715), bar (0.055931956), banquet_hall (0.055040453), discotheque (0.041580446)",34637
2937,70488,indoor,"dressing_room (0.6362773), restaurant (0.12928459), banquet_hall (0.03972333), bedroom (0.030921692), nursery (0.019490724)",34637
2938,70512,indoor,"dressing_room (0.67105234), bedroom (0.10089249), restaurant (0.04701365), nursery (0.020372145), banquet_hall (0.018389665)",34637
2939,70536,indoor,"dressing_room (0.60417557), restaurant (0.13730568), bedroom (0.05890319), banquet_hall (0.042652506), bar (0.024333186)",34637
2940,70560,indoor,"dressing_room (0.5666347), hospital_room (0.23037326), clean_room (0.06419719), bedroom (0.044903543), operating_room (0.040739805)",34637
2941,70584,indoor,"dressing_room (0.4560894), clean_room (0.33752307), hospital_room (0.08599073), operating_room (0.052672815), archive (0.0073769363)",34637
2942,70608,indoor,"dressing_room (0.5286092), clean_room (0.14887857), archive (0.056002986), office (0.049802866), hospital_room (0.04119921)",34637
2943,70632,indoor,"locker_room (0.2833856), elevator/door (0.27334347), dressing_room (0.13772336), elevator_lobby (0.09655024), clean_room (0.07918493)",34637
2944,70656,indoor,"locker_room (0.44062775), elevator/door (0.21538226), dressing_room (0.09350423), clean_room (0.08116463), elevator_lobby (0.07124853)",34637
2945,70680,indoor,"locker_room (0.4498957), elevator/door (0.18308017), dressing_room (0.11623042), clean_room (0.076751634), elevator_lobby (0.061572988)",34637
2946,70704,indoor,"locker_room (0.56234777), dressing_room (0.13650802), clean_room (0.100029625), elevator/door (0.071892075), bathroom (0.040175058)",34637
2947,70728,indoor,"locker_room (0.7594024), dressing_room (0.11521205), clean_room (0.053966984), elevator/door (0.02417264), bathroom (0.017491883)",34637
2948,70752,indoor,"locker_room (0.57555085), dressing_room (0.19884965), clean_room (0.15069096), elevator/door (0.020139933), bathroom (0.018080182)",34637
2949,70776,indoor,"clean_room (0.32823685), archive (0.17536743), staircase (0.11015474), boxing_ring (0.04065977), assembly_line (0.040201385)",34637
2950,70800,indoor,"boxing_ring (0.61428154), bowling_alley (0.11544937), clean_room (0.061759535), discotheque (0.03827769), archive (0.026556544)",34637
2951,70824,indoor,"clean_room (0.37717012), boxing_ring (0.18008156), archive (0.08359673), bowling_alley (0.04981626), assembly_line (0.036334842)",34637
2952,70848,indoor,"boxing_ring (0.28751478), archive (0.2022954), clean_room (0.11325827), banquet_hall (0.04913036), department_store (0.03827047)",34637
2953,70872,indoor,"archive (0.6714731), clean_room (0.07910759), library/indoor (0.033909336), banquet_hall (0.024758657), atrium/public (0.021267164)",34637
2954,70896,indoor,"restaurant (0.37940392), banquet_hall (0.10913065), cafeteria (0.09273835), dining_hall (0.057509676), dressing_room (0.05400124)",34637
2955,70920,indoor,"dressing_room (0.97621423), locker_room (0.017557014), clean_room (0.003239746), clothing_store (0.0016704432), department_store (0.00038913023)",34637
2956,70944,indoor,"clean_room (0.5124691), chemistry_lab (0.12277015), dressing_room (0.11640006), biology_laboratory (0.026091801), locker_room (0.020721475)",34637
2957,70968,indoor,"staircase (0.27803266), clean_room (0.12978877), hardware_store (0.038744055), basement (0.035752654), closet (0.02915432)",34637
2958,70992,indoor,"locker_room (0.72475284), clean_room (0.092350826), dressing_room (0.08015021), elevator/door (0.03878192), bathroom (0.019568287)",34637
2959,71016,indoor,"locker_room (0.47911176), clean_room (0.18596368), dressing_room (0.16456577), elevator/door (0.06435675), bathroom (0.033773772)",34637
2960,71040,indoor,"elevator/door (0.22577775), locker_room (0.20060876), clean_room (0.16403985), elevator_lobby (0.09817505), bathroom (0.074401215)",34637
2961,71064,indoor,"locker_room (0.23199265), dressing_room (0.18558684), discotheque (0.14292257), boxing_ring (0.10449769), clean_room (0.08100037)",34637
2962,71088,indoor,"archive (0.1741133), boxing_ring (0.12193973), chemistry_lab (0.09018797), clean_room (0.073931135), bowling_alley (0.06419788)",34637
2963,71112,indoor,"archive (0.16380906), dressing_room (0.16308767), discotheque (0.13675292), chemistry_lab (0.13502288), clean_room (0.039184175)",34637
2964,71136,indoor,"cafeteria (0.19776677), dining_hall (0.11724917), banquet_hall (0.10847601), restaurant (0.09610103), kindergarden_classroom (0.07384044)",34637
2965,71160,indoor,"dressing_room (0.22134332), discotheque (0.18115772), department_store (0.07657405), bar (0.0744789), supermarket (0.049241822)",34637
2966,71184,indoor,"cafeteria (0.23979734), banquet_hall (0.096682064), restaurant (0.0747809), food_court (0.06533294), chemistry_lab (0.059838526)",34637
2967,71208,indoor,"banquet_hall (0.34145698), cafeteria (0.2221973), dining_hall (0.13442956), restaurant (0.12932059), food_court (0.044205412)",34637
2968,71232,indoor,"banquet_hall (0.32500306), cafeteria (0.21894902), dining_hall (0.19203968), restaurant (0.065860406), chemistry_lab (0.039918244)",34637
2969,71256,indoor,"banquet_hall (0.21394788), restaurant (0.12861522), operating_room (0.11223486), cafeteria (0.10895557), hospital_room (0.08232182)",34637
2970,71280,indoor,"banquet_hall (0.33154184), restaurant (0.25546494), cafeteria (0.12371044), dining_hall (0.10963442), chemistry_lab (0.033516902)",34637
2971,71304,indoor,"restaurant (0.2755261), banquet_hall (0.25195143), cafeteria (0.103288986), dining_hall (0.06396634), classroom (0.047773212)",34637
2972,71328,indoor,"hospital_room (0.53743666), operating_room (0.24278937), restaurant (0.04631273), chemistry_lab (0.024928888), banquet_hall (0.024327086)",34637
2973,71352,indoor,"banquet_hall (0.2516821), restaurant (0.1789525), chemistry_lab (0.12642367), hospital_room (0.10095593), dressing_room (0.048087165)",34637
2974,71376,indoor,"banquet_hall (0.30110645), chemistry_lab (0.08661278), restaurant (0.07659648), hospital_room (0.07276728), dining_hall (0.06144408)",34637
2975,71400,indoor,"chemistry_lab (0.25073838), archive (0.099881046), banquet_hall (0.08918637), hospital_room (0.0757606), biology_laboratory (0.05985515)",34637
2976,71424,indoor,"chemistry_lab (0.43367654), biology_laboratory (0.13850366), hospital_room (0.106624104), clean_room (0.08814892), operating_room (0.0715072)",34637
2977,71448,indoor,"chemistry_lab (0.46039063), operating_room (0.14731102), hospital_room (0.10269765), biology_laboratory (0.07802289), classroom (0.049052812)",34637
2978,71472,indoor,"chemistry_lab (0.3074095), hospital_room (0.16662604), classroom (0.124535695), biology_laboratory (0.081642374), operating_room (0.06258096)",34637
2979,71496,indoor,"chemistry_lab (0.4053035), classroom (0.09760812), biology_laboratory (0.09296749), physics_laboratory (0.07583408), archive (0.06320044)",34637
2980,71520,indoor,"banquet_hall (0.30130628), lecture_room (0.13901077), restaurant (0.11484835), classroom (0.09501751), dining_hall (0.07715857)",34637
2981,71544,indoor,"banquet_hall (0.2523737), lecture_room (0.17975119), classroom (0.10260401), dining_hall (0.0789275), restaurant (0.05377934)",34637
2982,71568,indoor,"dressing_room (0.32767257), chemistry_lab (0.09447344), beauty_salon (0.08031417), archive (0.070216), banquet_hall (0.045858487)",34637
2983,71592,indoor,"banquet_hall (0.29843482), cafeteria (0.18932964), restaurant (0.109789394), dining_hall (0.10740283), chemistry_lab (0.0910845)",34637
2984,71616,indoor,"cafeteria (0.2979218), banquet_hall (0.18519019), dining_hall (0.10542444), restaurant (0.056375794), food_court (0.052597556)",34637
2985,71640,indoor,"hospital_room (0.2370907), clean_room (0.13643348), nursery (0.11826323), kindergarden_classroom (0.09262231), dressing_room (0.085922465)",34637
2986,71664,indoor,"dressing_room (0.22565818), banquet_hall (0.12040509), nursery (0.10755405), hospital_room (0.09334607), clean_room (0.06508255)",34637
2987,71688,indoor,"dressing_room (0.29758465), nursery (0.09876148), kindergarden_classroom (0.09404781), hospital_room (0.07078934), discotheque (0.05584232)",34637
2988,71712,indoor,"discotheque (0.3713072), dressing_room (0.2145347), banquet_hall (0.055915695), ballroom (0.033982053), nursery (0.02969772)",34637
2989,71736,indoor,"dressing_room (0.37541395), banquet_hall (0.072147414), discotheque (0.056151234), chemistry_lab (0.052442055), beauty_salon (0.045231946)",34637
2990,71760,indoor,"dressing_room (0.19856867), banquet_hall (0.13867496), discotheque (0.12726927), clean_room (0.115568936), hospital_room (0.055232815)",34637
2991,71784,indoor,"clean_room (0.24712585), dressing_room (0.13931075), hospital_room (0.10843057), operating_room (0.07768155), banquet_hall (0.07264821)",34637
2992,71808,indoor,"dressing_room (0.25368604), clean_room (0.15029283), banquet_hall (0.08791653), discotheque (0.08107697), hospital_room (0.07571575)",34637
2993,71832,indoor,"dressing_room (0.3604506), clean_room (0.08720655), banquet_hall (0.078357704), hospital_room (0.07121264), discotheque (0.04623629)",34637
2994,71856,indoor,"banquet_hall (0.17845805), dressing_room (0.13789637), discotheque (0.06405604), restaurant (0.052743345), hospital_room (0.043421052)",34637
2995,71880,indoor,"ice_shelf (0.16039848), dressing_room (0.14754845), banquet_hall (0.11339076), discotheque (0.09809471), iceberg (0.051147155)",34637
2996,71904,indoor,"dressing_room (0.12435745), nursery (0.10929485), banquet_hall (0.09733371), ice_shelf (0.095169246), discotheque (0.08682247)",34637
2997,71928,indoor,"dressing_room (0.24421567), discotheque (0.078579366), ice_shelf (0.07602686), clean_room (0.073207006), hospital_room (0.0586396)",34637
2998,71952,indoor,"dressing_room (0.5611415), ice_shelf (0.0948044), discotheque (0.050339293), banquet_hall (0.046813436), ice_floe (0.037293985)",34637
2999,71976,indoor,"dressing_room (0.4094827), banquet_hall (0.28007635), ice_shelf (0.037777077), ballroom (0.028934376), discotheque (0.028268896)",34637
3000,72000,indoor,"dressing_room (0.27044985), banquet_hall (0.24121271), ice_shelf (0.07688974), ballroom (0.057165112), ice_floe (0.04930761)",34637
3001,72024,indoor,"dressing_room (0.2900963), banquet_hall (0.14824148), ice_shelf (0.0834794), clean_room (0.063796595), hospital_room (0.04564101)",34637
3002,72048,outdoor,"ice_shelf (0.3787686), ice_floe (0.16207497), dressing_room (0.10810193), iceberg (0.09330618), nursery (0.039183263)",34637
3003,72072,outdoor,"ice_shelf (0.21044835), dressing_room (0.1642906), ice_floe (0.09357592), iceberg (0.080035865), clean_room (0.06556212)",34637
3004,72096,indoor,"ice_shelf (0.18201272), dressing_room (0.15530351), banquet_hall (0.100906774), jewelry_shop (0.053998835), iceberg (0.05046207)",34637
3005,72120,indoor,"dressing_room (0.20323382), ice_shelf (0.13645944), banquet_hall (0.12446821), discotheque (0.07176708), ice_floe (0.039067477)",34637
3006,72144,indoor,"ice_shelf (0.15992813), dressing_room (0.14033736), clean_room (0.12663911), banquet_hall (0.08187796), iceberg (0.07999103)",34637
3007,72168,indoor,"dressing_room (0.2739319), ice_shelf (0.12865968), clean_room (0.076253824), ice_floe (0.061775316), banquet_hall (0.058688812)",34637
3008,72192,indoor,"dressing_room (0.19199988), ice_shelf (0.13703331), banquet_hall (0.10730398), clean_room (0.09245608), ice_floe (0.065877184)",34637
3009,72216,indoor,"dressing_room (0.4313146), clean_room (0.12761459), banquet_hall (0.06287023), ice_cream_parlor (0.05403995), hospital_room (0.040710136)",34637
3010,72240,indoor,"dressing_room (0.5054026), clean_room (0.11744929), banquet_hall (0.060287576), hospital_room (0.030708889), ice_shelf (0.026579851)",34637
3011,72264,indoor,"dressing_room (0.2353776), clean_room (0.194905), banquet_hall (0.13268228), ice_cream_parlor (0.06354029), operating_room (0.048347153)",34637
3012,72288,indoor,"banquet_hall (0.26375592), dressing_room (0.21610291), clean_room (0.13213861), ice_cream_parlor (0.054995067), restaurant (0.035444442)",34637
3013,72312,indoor,"dressing_room (0.4403555), banquet_hall (0.16609551), discotheque (0.07209704), ice_shelf (0.046433806), clean_room (0.031551868)",34637
3014,72336,indoor,"banquet_hall (0.3400449), dressing_room (0.33687904), ice_cream_parlor (0.05748599), restaurant (0.05138769), ballroom (0.027886586)",34637
3015,72360,indoor,"dressing_room (0.23484702), banquet_hall (0.21720524), clean_room (0.15117697), ice_cream_parlor (0.059626497), restaurant (0.033762656)",34637
3016,72384,indoor,"dressing_room (0.48561394), clean_room (0.15281104), banquet_hall (0.08658924), ice_cream_parlor (0.0344579), operating_room (0.030203266)",34637
3017,72408,indoor,"clean_room (0.33770692), dressing_room (0.17164546), banquet_hall (0.08926727), ice_cream_parlor (0.04820529), ice_shelf (0.040757377)",34637
3018,72432,indoor,"dressing_room (0.33219004), clean_room (0.19162184), ice_shelf (0.08245987), banquet_hall (0.05982572), ice_floe (0.040124256)",34637
3019,72456,indoor,"banquet_hall (0.25608227), dressing_room (0.16790937), clean_room (0.14717129), ice_cream_parlor (0.06312102), jewelry_shop (0.03585811)",34637
3020,72480,indoor,"banquet_hall (0.4843547), dressing_room (0.09194518), restaurant (0.07009783), ice_cream_parlor (0.046510648), ballroom (0.027738905)",34637
3021,72504,indoor,"banquet_hall (0.30166623), dressing_room (0.07296348), ice_cream_parlor (0.06849727), restaurant (0.06578009), discotheque (0.057234533)",34637
3022,72528,indoor,"banquet_hall (0.20001712), dressing_room (0.108483605), hospital_room (0.06947284), clean_room (0.061656166), ice_cream_parlor (0.058603685)",34637
3023,72552,indoor,"banquet_hall (0.2556661), dressing_room (0.12503363), ice_shelf (0.100510694), restaurant (0.046058882), ice_cream_parlor (0.04075745)",34637
3024,72576,indoor,"banquet_hall (0.24565916), clean_room (0.118517466), ice_shelf (0.11044251), dressing_room (0.08729264), ice_floe (0.06370914)",34637
3025,72600,indoor,"dressing_room (0.45725948), banquet_hall (0.16287926), clean_room (0.06366034), hospital_room (0.038760893), restaurant (0.030056536)",34637
3026,72624,indoor,"dressing_room (0.36074933), banquet_hall (0.27238292), restaurant (0.05017108), ice_cream_parlor (0.04090194), clean_room (0.030604618)",34637
3027,72648,indoor,"dressing_room (0.37931493), banquet_hall (0.20882256), clean_room (0.06320523), ice_cream_parlor (0.04829338), hospital_room (0.026268639)",34637
3028,72672,indoor,"clean_room (0.18146038), banquet_hall (0.16965373), dressing_room (0.16459107), hospital_room (0.066902384), discotheque (0.054707337)",34637
3029,72696,indoor,"clean_room (0.22035785), banquet_hall (0.21391569), dressing_room (0.0919625), ballroom (0.0858642), discotheque (0.07912422)",34637
3030,72720,indoor,"dressing_room (0.42874527), banquet_hall (0.099554345), clean_room (0.07790764), ice_shelf (0.047065444), hospital_room (0.041451138)",34637
3031,72744,indoor,"banquet_hall (0.20623222), dressing_room (0.15849937), clean_room (0.12168931), ice_cream_parlor (0.097272195), hospital_room (0.05617741)",34637
3032,72768,indoor,"banquet_hall (0.22594355), clean_room (0.13327847), dressing_room (0.111585625), ice_cream_parlor (0.09249379), ice_shelf (0.055142753)",34637
3033,72792,indoor,"clean_room (0.18828288), dressing_room (0.1449001), banquet_hall (0.1443776), discotheque (0.077301726), hospital_room (0.075875066)",34637
3034,72816,indoor,"clean_room (0.20272796), banquet_hall (0.18017814), dressing_room (0.17495836), hospital_room (0.073926695), ice_cream_parlor (0.051224113)",34637
3035,72840,indoor,"dressing_room (0.2467087), clean_room (0.1435337), banquet_hall (0.111859664), hospital_room (0.08147547), discotheque (0.052175436)",34637
3036,72864,indoor,"dressing_room (0.5156394), discotheque (0.15337987), beauty_salon (0.13805947), bathroom (0.041034974), clean_room (0.022328783)",34637
3037,72888,indoor,"dressing_room (0.4151996), beauty_salon (0.27384558), bathroom (0.06244155), discotheque (0.042226344), clean_room (0.02638257)",34637
3038,72912,indoor,"dressing_room (0.450941), beauty_salon (0.2805588), clean_room (0.04329981), discotheque (0.042558353), chemistry_lab (0.03389335)",34637
3039,72936,indoor,"dressing_room (0.41983345), discotheque (0.08965252), beauty_salon (0.08138183), bathroom (0.065475255), playroom (0.044728234)",34637
3040,72960,indoor,"dressing_room (0.33519635), beauty_salon (0.2206511), discotheque (0.109939724), bathroom (0.05651656), chemistry_lab (0.050970834)",34637
3041,72984,indoor,"beauty_salon (0.35569575), dressing_room (0.3224578), clean_room (0.05447384), chemistry_lab (0.035408087), playroom (0.032200437)",34637
3042,73008,indoor,"dressing_room (0.3560163), bathroom (0.1297041), beauty_salon (0.1042673), discotheque (0.099934734), shower (0.04343781)",34637
3043,73032,indoor,"dressing_room (0.21899813), clean_room (0.15709382), bathroom (0.09403187), playroom (0.0518032), discotheque (0.045658432)",34637
3044,73056,indoor,"beauty_salon (0.21741441), discotheque (0.17307243), bathroom (0.07896668), chemistry_lab (0.056095123), dressing_room (0.05172527)",34637
3045,73080,indoor,"discotheque (0.26508942), dressing_room (0.1374976), beauty_salon (0.1093909), clean_room (0.07299169), chemistry_lab (0.065150015)",34637
3046,73104,indoor,"discotheque (0.44448087), dressing_room (0.29393888), banquet_hall (0.12825511), hospital_room (0.014478421), ballroom (0.013678863)",34637
3047,73128,indoor,"discotheque (0.52673924), dressing_room (0.31616664), banquet_hall (0.07344532), ballroom (0.016095975), bar (0.008961238)",34637
3048,73152,indoor,"dressing_room (0.47665492), discotheque (0.3800525), banquet_hall (0.06855735), ballroom (0.009649891), ice_cream_parlor (0.00907932)",34637
3049,73176,indoor,"discotheque (0.5638263), dressing_room (0.22880755), banquet_hall (0.11428671), ballroom (0.020337885), bar (0.0123387035)",34637
3050,73200,indoor,"dressing_room (0.4467374), discotheque (0.42647502), banquet_hall (0.07144555), ballroom (0.014865053), bar (0.0075663268)",34637
3051,73224,indoor,"discotheque (0.5854383), dressing_room (0.2958133), banquet_hall (0.052371733), ballroom (0.017125264), ice_cream_parlor (0.0050900984)",34637
3052,73248,indoor,"discotheque (0.56178594), banquet_hall (0.1681309), dressing_room (0.15824215), ballroom (0.039373543), bar (0.0073914835)",34637
3053,73272,indoor,"discotheque (0.47674116), dressing_room (0.21088587), banquet_hall (0.1264375), ballroom (0.038742356), ice_shelf (0.025077768)",34637
3054,73296,indoor,"discotheque (0.6798611), banquet_hall (0.117401764), dressing_room (0.07604704), ballroom (0.036778677), stage/indoor (0.014851521)",34637
3055,73320,indoor,"discotheque (0.7270002), dressing_room (0.12694418), banquet_hall (0.053307775), ballroom (0.035193555), bar (0.009810754)",34637
3056,73344,indoor,"discotheque (0.7709197), dressing_room (0.09729777), banquet_hall (0.041757118), ballroom (0.023525322), bar (0.009692385)",34637
3057,73368,indoor,"discotheque (0.42769927), dressing_room (0.38519686), banquet_hall (0.067840636), ballroom (0.027696403), stage/indoor (0.010131222)",34637
3058,73392,indoor,"dressing_room (0.25847137), beauty_salon (0.24008669), bathroom (0.088698246), coffee_shop (0.050573934), ice_cream_parlor (0.046293307)",34637
3059,73416,indoor,"beauty_salon (0.22316934), ice_cream_parlor (0.1757253), dressing_room (0.104433), discotheque (0.095665365), coffee_shop (0.090806805)",34637
3060,73440,indoor,"dressing_room (0.3076878), beauty_salon (0.24340293), chemistry_lab (0.08640578), bathroom (0.04973891), biology_laboratory (0.048659652)",34637
3061,73464,indoor,"ice_cream_parlor (0.15489843), discotheque (0.14611113), beauty_salon (0.12482111), clean_room (0.09745584), chemistry_lab (0.05325517)",34637
3062,73488,indoor,"clean_room (0.17853479), chemistry_lab (0.09210161), beauty_salon (0.071370654), bathroom (0.06766491), biology_laboratory (0.06332234)",34637
3063,73512,indoor,"clean_room (0.24658327), coffee_shop (0.09258317), chemistry_lab (0.08960642), beauty_salon (0.07512415), ice_cream_parlor (0.06742626)",34637
3064,73536,indoor,"coffee_shop (0.15420493), beauty_salon (0.15216817), ice_cream_parlor (0.13994986), clean_room (0.10789249), discotheque (0.0765111)",34637
3065,73560,indoor,"ice_cream_parlor (0.1880877), coffee_shop (0.12160915), clean_room (0.11952425), chemistry_lab (0.099061586), beauty_salon (0.086640686)",34637
3066,73584,indoor,"beauty_salon (0.1675317), discotheque (0.14552185), chemistry_lab (0.098188005), coffee_shop (0.0948941), ice_cream_parlor (0.09482165)",34637
3067,73608,indoor,"clean_room (0.1711289), discotheque (0.15034647), beauty_salon (0.14070344), chemistry_lab (0.10903237), biology_laboratory (0.09097893)",34637
3068,73632,indoor,"coffee_shop (0.14989196), ice_cream_parlor (0.12656546), beauty_salon (0.12340787), chemistry_lab (0.106936775), clean_room (0.0973818)",34637
3069,73656,indoor,"discotheque (0.29672104), shower (0.15996592), sky (0.14087503), aquarium (0.046144646), wheat_field (0.041661225)",34637
3070,73680,indoor,"discotheque (0.29884478), sky (0.13759562), shower (0.08625053), wheat_field (0.07459244), dressing_room (0.06360039)",34637
3071,73704,indoor,"discotheque (0.35640043), sky (0.13636822), shower (0.07384337), dressing_room (0.04703384), aquarium (0.044678356)",34637
3072,73728,indoor,"discotheque (0.44971368), sky (0.091056384), shower (0.07034151), dressing_room (0.046404332), iceberg (0.030158546)",34637
3073,73752,indoor,"discotheque (0.7835828), sky (0.05388123), stage/indoor (0.023240738), dressing_room (0.015139876), museum/indoor (0.012250798)",34637
3074,73776,indoor,"dressing_room (0.48489445), banquet_hall (0.18340774), discotheque (0.1489085), hospital_room (0.035352983), nursery (0.017752606)",34637
3075,73800,indoor,"discotheque (0.39179638), dressing_room (0.3735564), banquet_hall (0.109578796), ballroom (0.027635451), nursery (0.0139134815)",34637
3076,73824,indoor,"discotheque (0.5206631), dressing_room (0.35420603), banquet_hall (0.03276797), hospital_room (0.012827397), nursery (0.012802503)",34637
3077,73848,indoor,"dressing_room (0.44691923), discotheque (0.33047166), banquet_hall (0.06711903), nursery (0.025344435), ice_cream_parlor (0.018342605)",34637
3078,73872,indoor,"discotheque (0.5259112), dressing_room (0.27904683), banquet_hall (0.04627398), ice_cream_parlor (0.022546394), nursery (0.02219166)",34637
3079,73896,indoor,"discotheque (0.5078823), dressing_room (0.27823815), banquet_hall (0.074956305), ice_cream_parlor (0.018930499), hospital_room (0.016110567)",34637
3080,73920,indoor,"discotheque (0.68232214), dressing_room (0.18575576), banquet_hall (0.051061016), ballroom (0.016389206), hospital_room (0.008340037)",34637
3081,73944,indoor,"discotheque (0.63896793), dressing_room (0.2582863), banquet_hall (0.036859907), ballroom (0.012885836), bar (0.0074274205)",34637
3082,73968,indoor,"discotheque (0.5306397), dressing_room (0.21164875), banquet_hall (0.11869034), ballroom (0.020667227), ice_cream_parlor (0.016105311)",34637
3083,73992,indoor,"discotheque (0.4964231), dressing_room (0.365459), banquet_hall (0.043877732), ballroom (0.01340332), ice_cream_parlor (0.011195008)",34637
3084,74016,indoor,"discotheque (0.49356535), dressing_room (0.44471425), banquet_hall (0.026443008), ballroom (0.00927821), bar (0.007079955)",34637
3085,74040,indoor,"discotheque (0.6577235), dressing_room (0.29378042), banquet_hall (0.013845589), ballroom (0.0077457093), bar (0.0050420654)",34637
3086,74064,indoor,"discotheque (0.5855231), dressing_room (0.33176616), banquet_hall (0.045462433), ballroom (0.009807256), bar (0.0072412714)",34637
3087,74088,indoor,"discotheque (0.7040537), dressing_room (0.10495327), banquet_hall (0.094005324), ballroom (0.02392731), stage/indoor (0.0153046595)",34637
3088,74112,indoor,"discotheque (0.6885642), dressing_room (0.18281728), banquet_hall (0.04684304), ballroom (0.013637004), stage/indoor (0.010269835)",34637
3089,74136,indoor,"dressing_room (0.67308384), discotheque (0.09404148), banquet_hall (0.0915355), ballroom (0.019093646), hospital_room (0.018278455)",34637
3090,74160,indoor,"dressing_room (0.5374534), banquet_hall (0.18249954), discotheque (0.13682958), ballroom (0.029486988), hospital_room (0.012346419)",34637
3091,74184,indoor,"discotheque (0.32604322), dressing_room (0.3185199), banquet_hall (0.21804021), ballroom (0.02391402), restaurant (0.022118771)",34637
3092,74208,indoor,"discotheque (0.58793855), dressing_room (0.16116385), banquet_hall (0.104503214), ice_cream_parlor (0.018085463), restaurant (0.01799586)",34637
3093,74232,indoor,"beauty_salon (0.30163836), chemistry_lab (0.15386476), biology_laboratory (0.13778765), dressing_room (0.109504126), discotheque (0.071085736)",34637
3094,74256,indoor,"beauty_salon (0.18077132), dressing_room (0.12145398), bathroom (0.10851374), clean_room (0.100434445), chemistry_lab (0.07898678)",34637
3095,74280,indoor,"beauty_salon (0.34344432), bathroom (0.09540488), chemistry_lab (0.082078665), clean_room (0.081143074), dressing_room (0.08000911)",34637
3096,74304,indoor,"beauty_salon (0.18933086), chemistry_lab (0.14613035), clean_room (0.09567928), coffee_shop (0.09443509), biology_laboratory (0.08108774)",34637
3097,74328,indoor,"beauty_salon (0.23349303), coffee_shop (0.13883819), discotheque (0.11256322), dressing_room (0.07714851), chemistry_lab (0.07647064)",34637
3098,74352,indoor,"discotheque (0.2416488), beauty_salon (0.18915206), dressing_room (0.13676235), chemistry_lab (0.10707149), biology_laboratory (0.071834095)",34637
3099,74376,indoor,"beauty_salon (0.27748603), discotheque (0.09074634), bathroom (0.08476157), coffee_shop (0.078646004), dressing_room (0.07289149)",34637
3100,74400,indoor,"beauty_salon (0.35483745), dressing_room (0.27270338), clean_room (0.0635901), chemistry_lab (0.061882418), discotheque (0.045593046)",34637
3101,74424,indoor,"dressing_room (0.19758163), beauty_salon (0.124947324), clean_room (0.115739904), chemistry_lab (0.079540506), discotheque (0.07760856)",34637
3102,74448,indoor,"beauty_salon (0.26966158), dressing_room (0.1545189), discotheque (0.11672644), chemistry_lab (0.11428582), biology_laboratory (0.07550828)",34637
3103,74472,indoor,"beauty_salon (0.25004512), dressing_room (0.19294626), discotheque (0.15471263), chemistry_lab (0.07844807), biology_laboratory (0.058621015)",34637
3104,74496,indoor,"beauty_salon (0.11837185), clean_room (0.110882044), discotheque (0.094075665), coffee_shop (0.09044727), ice_cream_parlor (0.07438258)",34637
3105,74520,indoor,"discotheque (0.90673715), dressing_room (0.024526829), stage/indoor (0.019930113), sky (0.009567704), shower (0.0059666163)",34637
3106,74544,indoor,"discotheque (0.93473333), stage/indoor (0.009274888), dressing_room (0.008734569), sky (0.00696713), bar (0.006028022)",34637
3107,74568,indoor,"discotheque (0.9066081), shower (0.015778882), dressing_room (0.0153523665), stage/indoor (0.011462021), sky (0.005755507)",34637
3108,74592,indoor,"discotheque (0.8194289), sky (0.04040772), stage/indoor (0.023921188), shower (0.0205191), aquarium (0.014705105)",34637
3109,74616,indoor,"discotheque (0.90347457), stage/indoor (0.020785803), shower (0.01825082), sky (0.013340224), dressing_room (0.008452052)",34637
3110,74640,indoor,"discotheque (0.9071999), stage/indoor (0.036450904), shower (0.018815678), dressing_room (0.0124641275), music_studio (0.0027091138)",34637
3111,74664,indoor,"dressing_room (0.81513584), discotheque (0.15023236), ballroom (0.014645199), banquet_hall (0.0068005966), bar (0.0035301386)",34637
3112,74688,indoor,"dressing_room (0.5735581), discotheque (0.3785785), ballroom (0.013735882), banquet_hall (0.010060672), bar (0.005825225)",34637
3113,74712,indoor,"banquet_hall (0.34342667), discotheque (0.26348442), dressing_room (0.2576426), ballroom (0.053919908), bar (0.012173987)",34637
3114,74736,indoor,"discotheque (0.58527666), dressing_room (0.1740215), banquet_hall (0.113110475), ballroom (0.046660252), stage/indoor (0.015522293)",34637
3115,74760,indoor,"discotheque (0.5441756), dressing_room (0.3338575), banquet_hall (0.05496461), ballroom (0.02527674), bar (0.009464588)",34637
3116,74784,indoor,"discotheque (0.5486349), banquet_hall (0.19034758), dressing_room (0.13160923), ballroom (0.05848261), stage/indoor (0.010347306)",34637
3117,74808,indoor,"banquet_hall (0.4548561), discotheque (0.31818488), ballroom (0.05665223), dressing_room (0.049042962), restaurant (0.015342713)",34637
3118,74832,indoor,"banquet_hall (0.37264225), discotheque (0.30637023), dressing_room (0.1344345), ballroom (0.066430636), restaurant (0.016826274)",34637
3119,74856,indoor,"banquet_hall (0.39960176), discotheque (0.32732517), dressing_room (0.06727697), ballroom (0.052547924), restaurant (0.02531297)",34637
3120,74880,indoor,"discotheque (0.8213581), dressing_room (0.06328718), banquet_hall (0.04205587), ballroom (0.02891103), stage/indoor (0.014247149)",34637
3121,74904,indoor,"discotheque (0.7907928), banquet_hall (0.076371156), dressing_room (0.057187356), ballroom (0.02857676), stage/indoor (0.011077978)",34637
3122,74928,indoor,"discotheque (0.34329766), clean_room (0.12380893), museum/indoor (0.06385171), shower (0.05315301), stage/indoor (0.048045482)",34637
3123,74952,indoor,"discotheque (0.28417197), clean_room (0.22025238), shower (0.10927757), museum/indoor (0.05966751), science_museum (0.048880853)",34637
3124,74976,indoor,"clean_room (0.23135106), discotheque (0.1883098), shower (0.15909807), museum/indoor (0.11186307), science_museum (0.044850986)",34637
3125,75000,indoor,"dressing_room (0.35549825), discotheque (0.33423945), banquet_hall (0.14933763), hospital_room (0.022723407), ballroom (0.019514143)",34637
3126,75024,indoor,"dressing_room (0.44152385), discotheque (0.20737666), banquet_hall (0.20481937), ballroom (0.021758031), hospital_room (0.018598938)",34637
3127,75048,indoor,"discotheque (0.5318181), banquet_hall (0.17853437), dressing_room (0.121958576), restaurant (0.022214014), ballroom (0.019390399)",34637
3128,75072,indoor,"discotheque (0.27577022), banquet_hall (0.27250957), dressing_room (0.2641858), restaurant (0.03010542), hospital_room (0.02184669)",34637
3129,75096,indoor,"discotheque (0.49572507), dressing_room (0.27021644), banquet_hall (0.14004734), bar (0.01543049), restaurant (0.01336696)",34637
3130,75120,indoor,"dressing_room (0.59771585), discotheque (0.35782683), banquet_hall (0.015750162), bar (0.005116051), ballroom (0.004215209)",34637
3131,75144,indoor,"dressing_room (0.5841189), discotheque (0.33949202), banquet_hall (0.033020396), bar (0.009496551), restaurant (0.0053555313)",34637
3132,75168,indoor,"dressing_room (0.6136269), discotheque (0.34467465), banquet_hall (0.016007146), bar (0.005145889), ballroom (0.003282754)",34637
3133,75192,indoor,"dressing_room (0.48845723), discotheque (0.45024887), banquet_hall (0.020682903), bar (0.0077204225), ballroom (0.0044472627)",34637
3134,75216,indoor,"discotheque (0.5234109), dressing_room (0.39372027), banquet_hall (0.015694773), bar (0.008789441), nursery (0.00846441)",34637
3135,75240,indoor,"dressing_room (0.72135365), discotheque (0.24672693), banquet_hall (0.01261113), bar (0.004406721), ballroom (0.0036119674)",34637
3136,75264,indoor,"discotheque (0.5827918), dressing_room (0.18985839), banquet_hall (0.07180384), ballroom (0.022204338), stage/indoor (0.0145193115)",34637
3137,75288,indoor,"discotheque (0.6848071), dressing_room (0.2274961), shower (0.014582938), beauty_salon (0.011798432), bar (0.009404772)",34637
3138,75312,indoor,"discotheque (0.29566976), dressing_room (0.28802893), bathroom (0.08148314), shower (0.06846365), beauty_salon (0.054608293)",34637
3139,75336,indoor,"dressing_room (0.35081854), discotheque (0.15303007), beauty_salon (0.09776818), bathroom (0.07833219), shower (0.071656406)",34637
3140,75360,indoor,"dressing_room (0.5027829), shower (0.1272691), discotheque (0.12473944), bathroom (0.057550438), beauty_salon (0.048906233)",34637
3141,75384,indoor,"dressing_room (0.37452164), discotheque (0.25685468), shower (0.06020655), ice_cream_parlor (0.05555757), chemistry_lab (0.03990387)",34637
3142,75408,indoor,"dressing_room (0.36092976), discotheque (0.19691649), chemistry_lab (0.088039875), shower (0.053073447), ice_cream_parlor (0.04821023)",34637
3143,75432,indoor,"ice_cream_parlor (0.5894096), coffee_shop (0.096557386), chemistry_lab (0.048504207), candy_store (0.04587597), discotheque (0.03359929)",34637
3144,75456,indoor,"ice_cream_parlor (0.5705544), discotheque (0.1142727), dressing_room (0.048940316), candy_store (0.04711044), coffee_shop (0.04512882)",34637
3145,75480,indoor,"discotheque (0.4138254), dressing_room (0.25128853), chemistry_lab (0.05333415), ice_cream_parlor (0.0514971), beauty_salon (0.045566417)",34637
3146,75504,indoor,"ice_cream_parlor (0.37042114), dressing_room (0.26786798), discotheque (0.08925191), chemistry_lab (0.048508443), beauty_salon (0.030840341)",34637
3147,75528,indoor,"ice_cream_parlor (0.40055907), discotheque (0.20781165), dressing_room (0.08410631), chemistry_lab (0.05703518), candy_store (0.050468817)",34637
3148,75552,indoor,"ice_cream_parlor (0.553952), discotheque (0.13526857), chemistry_lab (0.058006816), candy_store (0.053865112), dressing_room (0.03150731)",34637
3149,75576,indoor,"ice_cream_parlor (0.33871967), discotheque (0.11095195), chemistry_lab (0.081549816), candy_store (0.061936315), dressing_room (0.055973053)",34637
3150,75600,indoor,"discotheque (0.38248116), ice_cream_parlor (0.18113072), dressing_room (0.10672637), chemistry_lab (0.066079594), bathroom (0.044948246)",34637
3151,75624,indoor,"dressing_room (0.3354479), discotheque (0.17442718), ice_cream_parlor (0.16110168), chemistry_lab (0.07426727), beauty_salon (0.0301473)",34637
3152,75648,indoor,"discotheque (0.24437629), ice_cream_parlor (0.155085), dressing_room (0.11412481), bathroom (0.06446153), chemistry_lab (0.06370506)",34637
3153,75672,indoor,"ice_cream_parlor (0.23111734), discotheque (0.20270881), dressing_room (0.11630667), chemistry_lab (0.11081815), candy_store (0.035173796)",34637
3154,75696,indoor,"discotheque (0.254371), ice_cream_parlor (0.19567369), dressing_room (0.10228734), coffee_shop (0.04888447), chemistry_lab (0.04857575)",34637
3155,75720,indoor,"discotheque (0.37464362), ice_cream_parlor (0.15430383), dressing_room (0.091037795), chemistry_lab (0.087919004), bar (0.04573963)",34637
3156,75744,indoor,"discotheque (0.5281635), dressing_room (0.37996325), banquet_hall (0.037417144), ballroom (0.010316087), bar (0.008288339)",34637
3157,75768,indoor,"discotheque (0.5737305), dressing_room (0.22857755), banquet_hall (0.07203833), bar (0.028239466), ballroom (0.026587486)",34637
3158,75792,indoor,"banquet_hall (0.5351073), discotheque (0.2089444), dressing_room (0.04185223), restaurant (0.035017386), bar (0.021718357)",34637
3159,75816,indoor,"discotheque (0.59367985), banquet_hall (0.14418332), dressing_room (0.07729628), bar (0.06669586), restaurant (0.037589695)",34637
3160,75840,indoor,"discotheque (0.3597489), banquet_hall (0.24179155), dressing_room (0.17886119), restaurant (0.07001827), bar (0.04367305)",34637
3161,75864,indoor,"discotheque (0.7637889), dressing_room (0.07074298), banquet_hall (0.051833384), bar (0.03070493), restaurant (0.022429893)",34637
3162,75888,indoor,"banquet_hall (0.48675105), dressing_room (0.25255275), discotheque (0.08216658), restaurant (0.049617644), ballroom (0.029570857)",34637
3163,75912,indoor,"dressing_room (0.8151826), discotheque (0.11715507), ballroom (0.01392333), banquet_hall (0.0076937494), beauty_salon (0.0048961868)",34637
3164,75936,indoor,"discotheque (0.8798413), dressing_room (0.09549453), shower (0.004381523), nursery (0.0031983259), locker_room (0.0029691544)",34637
3165,75960,indoor,"ice_cream_parlor (0.28349382), discotheque (0.11480925), clean_room (0.11391026), dressing_room (0.09417303), chemistry_lab (0.09129853)",34637
3166,75984,indoor,"discotheque (0.45198327), clean_room (0.16756764), chemistry_lab (0.093032785), biology_laboratory (0.058683712), bowling_alley (0.034450013)",34637
3167,76008,indoor,"discotheque (0.45270798), dressing_room (0.38835698), clean_room (0.052204274), ice_cream_parlor (0.0182915), bathroom (0.013061653)",34637
3168,76032,indoor,"discotheque (0.46486062), dressing_room (0.1080266), bar (0.062262647), ballroom (0.05542467), ice_cream_parlor (0.027118234)",34637
3169,76056,indoor,"discotheque (0.63863856), airplane_cabin (0.041827872), restaurant (0.030184845), cafeteria (0.027647668), banquet_hall (0.027532397)",34637
3170,76080,indoor,"discotheque (0.5388047), nursery (0.068503425), banquet_hall (0.046162657), bus_interior (0.036146343), airplane_cabin (0.024687445)",34637
3171,76104,indoor,"discotheque (0.33515912), clean_room (0.14196268), nursery (0.097264424), banquet_hall (0.050127823), hospital_room (0.03445708)",34637
3172,76128,indoor,"discotheque (0.40544158), clean_room (0.186886), nursery (0.13534446), archive (0.03146952), hospital_room (0.02678598)",34637
3173,76152,indoor,"discotheque (0.45895898), clean_room (0.12308797), banquet_hall (0.050605103), bus_interior (0.027379122), airplane_cabin (0.025734033)",34637
3174,76176,indoor,"clean_room (0.6165112), discotheque (0.14193001), hospital_room (0.056122873), nursery (0.052644532), operating_room (0.022437358)",34637
3175,76200,indoor,"clean_room (0.638355), discotheque (0.16536736), nursery (0.029093359), hospital_room (0.02015074), archive (0.017690262)",34637
3176,76224,indoor,"discotheque (0.1582264), swimming_pool/indoor (0.0978492), cafeteria (0.08339047), kindergarden_classroom (0.0693273), banquet_hall (0.044944376)",34637
3177,76248,indoor,"locker_room (0.46378478), dressing_room (0.20771115), clean_room (0.20647696), bathroom (0.042869627), restaurant_kitchen (0.0159139)",34637
3178,76272,indoor,"dressing_room (0.22653012), clean_room (0.17441502), locker_room (0.15289354), bathroom (0.100541204), elevator/door (0.06700286)",34637
3179,76296,indoor,"locker_room (0.3175955), dressing_room (0.14696276), clean_room (0.09586287), elevator/door (0.089430675), office (0.071759306)",34637
3180,76320,indoor,"staircase (0.8292849), entrance_hall (0.12123343), escalator/indoor (0.020932091), corridor (0.011019029), lobby (0.004728307)",34637
3181,76344,indoor,"staircase (0.96902376), shower (0.022949776), clean_room (0.0034383438), entrance_hall (0.00106926), bathroom (0.00076675566)",34637
3182,76368,indoor,"clean_room (0.6355035), staircase (0.1833587), shower (0.080349065), museum/indoor (0.025336372), entrance_hall (0.014676027)",34637
3183,76392,indoor,"staircase (0.87353826), entrance_hall (0.09159427), clean_room (0.016720517), escalator/indoor (0.0039338507), shower (0.003253309)",34637
3184,76416,indoor,"staircase (0.8671689), entrance_hall (0.09674028), clean_room (0.015891874), corridor (0.0047790976), museum/indoor (0.0043781246)",34637
3185,76440,indoor,"staircase (0.6883653), entrance_hall (0.2631048), corridor (0.02041639), clean_room (0.011074791), escalator/indoor (0.00590714)",34637
3186,76464,indoor,"clean_room (0.3140613), staircase (0.23024356), entrance_hall (0.21758789), museum/indoor (0.115119204), corridor (0.04087455)",34637
3187,76488,indoor,"elevator/door (0.1894684), art_gallery (0.13662745), museum/indoor (0.11575654), elevator_lobby (0.103501685), artists_loft (0.08728609)",34637
3188,76512,indoor,"elevator/door (0.2652437), art_gallery (0.24558279), museum/indoor (0.19641788), artists_loft (0.09637037), bow_window/indoor (0.06471562)",34637
3189,76536,indoor,"art_gallery (0.3839023), elevator/door (0.26266968), museum/indoor (0.18039925), artists_loft (0.100712076), elevator_lobby (0.031488977)",34637
3190,76560,indoor,"art_gallery (0.46259397), elevator/door (0.17735872), museum/indoor (0.15356599), artists_loft (0.13299184), art_studio (0.020098092)",34637
3191,76584,indoor,"art_gallery (0.48486233), artists_loft (0.33080003), museum/indoor (0.09812762), art_studio (0.033926133), elevator/door (0.02114885)",34637
3192,76608,indoor,"art_gallery (0.48515785), museum/indoor (0.19633842), artists_loft (0.14977005), elevator/door (0.10434547), elevator_lobby (0.019377813)",34637
3193,76632,indoor,"art_gallery (0.4547153), artists_loft (0.23998837), museum/indoor (0.16762169), elevator/door (0.065832235), art_studio (0.017463515)",34637
3194,76656,indoor,"shower (0.603827), bathroom (0.10250418), elevator/door (0.08358699), art_gallery (0.07982828), dressing_room (0.060359586)",34637
3195,76680,indoor,"art_gallery (0.35665804), shower (0.30631295), dressing_room (0.08882426), museum/indoor (0.0868902), bathroom (0.07732686)",34637
3196,76704,indoor,"art_gallery (0.41594833), shower (0.21674465), dressing_room (0.13569796), bathroom (0.08146385), museum/indoor (0.06928625)",34637
3197,76728,indoor,"clean_room (0.42746776), museum/indoor (0.13658561), shower (0.09222765), discotheque (0.09079883), science_museum (0.06736293)",34637
3198,76752,indoor,"clean_room (0.4559595), shower (0.16290173), museum/indoor (0.11568463), discotheque (0.057950117), science_museum (0.040520027)",34637
3199,76776,indoor,"clean_room (0.42707038), shower (0.21769458), museum/indoor (0.09298175), discotheque (0.05597725), science_museum (0.034834087)",34637
3200,76800,indoor,"museum/indoor (0.6187184), clean_room (0.11425476), dressing_room (0.07402988), clothing_store (0.053166807), shower (0.0341654)",34637
3201,76824,indoor,"museum/indoor (0.5863828), clean_room (0.11822838), dressing_room (0.072428256), clothing_store (0.0686384), shower (0.039851785)",34637
3202,76848,indoor,"museum/indoor (0.505902), clean_room (0.19545503), dressing_room (0.07002781), clothing_store (0.051794674), shower (0.043732736)",34637
3203,76872,indoor,"dressing_room (0.3795531), museum/indoor (0.292837), music_studio (0.05435004), beauty_salon (0.039452054), art_gallery (0.033566285)",34637
3204,76896,indoor,"dressing_room (0.7914353), museum/indoor (0.06064364), beauty_salon (0.03336048), music_studio (0.03080991), clean_room (0.01257712)",34637
3205,76920,indoor,"dressing_room (0.82534355), museum/indoor (0.030911107), beauty_salon (0.026888635), music_studio (0.023734998), clean_room (0.018211726)",34637
3206,76944,indoor,"dressing_room (0.7107729), museum/indoor (0.08247409), clean_room (0.049340136), art_studio (0.024369856), beauty_salon (0.020880198)",34637
3207,76968,indoor,"dressing_room (0.6647236), museum/indoor (0.103655905), clean_room (0.097077414), beauty_salon (0.020049054), music_studio (0.016903328)",34637
3208,76992,indoor,"dressing_room (0.8478287), museum/indoor (0.053782858), beauty_salon (0.016424792), clean_room (0.016010059), art_studio (0.014468131)",34637
3209,77016,indoor,"dressing_room (0.8313709), museum/indoor (0.06903651), beauty_salon (0.012469254), music_studio (0.011540119), art_studio (0.0109367855)",34637
3210,77040,indoor,"dressing_room (0.60470307), music_studio (0.16702558), museum/indoor (0.091896445), clean_room (0.04069904), art_studio (0.013885818)",34637
3211,77064,indoor,"dressing_room (0.71410286), music_studio (0.15835729), clean_room (0.019679515), museum/indoor (0.019468373), beauty_salon (0.010358939)",34637
3212,77088,indoor,"dressing_room (0.8282635), music_studio (0.06486966), clean_room (0.02287188), museum/indoor (0.021701962), clothing_store (0.008243257)",34637
3213,77112,indoor,"dressing_room (0.7766792), music_studio (0.120121375), museum/indoor (0.025576586), clothing_store (0.016670134), clean_room (0.014253092)",34637
3214,77136,indoor,"dressing_room (0.7035055), music_studio (0.19705148), museum/indoor (0.022649566), beauty_salon (0.01163038), clean_room (0.009905852)",34637
3215,77160,indoor,"dressing_room (0.64724517), music_studio (0.15213352), clean_room (0.06388646), museum/indoor (0.050186638), beauty_salon (0.017514477)",34637
3216,77184,indoor,"dressing_room (0.7527983), music_studio (0.08085213), clean_room (0.07516387), museum/indoor (0.023389038), beauty_salon (0.01526061)",34637
3217,77208,indoor,"dressing_room (0.5830413), music_studio (0.096762754), museum/indoor (0.08072897), beauty_salon (0.041928515), clean_room (0.037148204)",34637
3218,77232,indoor,"dressing_room (0.6361845), music_studio (0.13935272), museum/indoor (0.05909119), beauty_salon (0.03449732), clean_room (0.033853635)",34637
3219,77256,indoor,"dressing_room (0.6629581), music_studio (0.17602092), clean_room (0.026235232), art_studio (0.017085044), physics_laboratory (0.014710963)",34637
3220,77280,indoor,"dressing_room (0.5954747), music_studio (0.21852249), beauty_salon (0.04783334), clean_room (0.028768964), jewelry_shop (0.016711667)",34637
3221,77304,indoor,"dressing_room (0.7968465), music_studio (0.053470228), beauty_salon (0.03661263), discotheque (0.02370655), art_studio (0.009732999)",34637
3222,77328,indoor,"dressing_room (0.9025991), music_studio (0.041408163), beauty_salon (0.011914876), museum/indoor (0.004504479), office (0.004244978)",34637
3223,77352,indoor,"dressing_room (0.91748893), beauty_salon (0.015282305), jewelry_shop (0.01121024), reception (0.004831891), museum/indoor (0.004331394)",34637
3224,77376,indoor,"music_studio (0.30620468), clean_room (0.27072868), dressing_room (0.17336255), operating_room (0.12239039), art_studio (0.02348793)",34637
3225,77400,indoor,"music_studio (0.5146263), dressing_room (0.2214588), living_room (0.029964045), archive (0.017306058), beauty_salon (0.016972704)",34637
3226,77424,indoor,"music_studio (0.6904356), dressing_room (0.12460066), operating_room (0.022669038), clean_room (0.020003637), physics_laboratory (0.014250805)",34637
3227,77448,indoor,"music_studio (0.47141123), dressing_room (0.17337702), archive (0.111233056), classroom (0.027550733), art_studio (0.014824399)",34637
3228,77472,indoor,"music_studio (0.39947578), archive (0.34716424), physics_laboratory (0.041163348), office (0.039148387), dressing_room (0.022502756)",34637
3229,77496,indoor,"archive (0.39391038), music_studio (0.21378213), dressing_room (0.06890465), office (0.039527316), art_studio (0.03465464)",34637
3230,77520,indoor,"archive (0.49472976), music_studio (0.11219629), office (0.08115401), dressing_room (0.06780846), clean_room (0.045424137)",34637
3231,77544,indoor,"archive (0.62329257), music_studio (0.10846282), living_room (0.049673576), office (0.029195657), dressing_room (0.028509768)",34637
3232,77568,indoor,"music_studio (0.29029673), operating_room (0.15285836), archive (0.13947903), dressing_room (0.08265199), clean_room (0.059304874)",34637
3233,77592,indoor,"archive (0.28313887), music_studio (0.26945814), dressing_room (0.11725918), office (0.050925132), museum/indoor (0.037304446)",34637
3234,77616,indoor,"clean_room (0.9861756), chemistry_lab (0.005559498), biology_laboratory (0.00533778), physics_laboratory (0.001528496), operating_room (0.00054868445)",34637
3235,77640,indoor,"clean_room (0.42268074), shower (0.14752197), bathroom (0.07936181), art_gallery (0.06434306), dressing_room (0.03926921)",34637
3236,77664,indoor,"museum/indoor (0.6751559), art_gallery (0.2216868), dressing_room (0.031932596), shower (0.023221157), art_studio (0.016381593)",34637
3237,77688,indoor,"museum/indoor (0.5789324), art_gallery (0.14224401), clean_room (0.117067896), art_studio (0.0597527), dressing_room (0.023293978)",34637
3238,77712,indoor,"clean_room (0.34434626), clothing_store (0.22294939), dressing_room (0.114979565), shower (0.0551186), beauty_salon (0.044205867)",34637
3239,77736,indoor,"clean_room (0.37679696), chemistry_lab (0.35499367), biology_laboratory (0.07136939), shower (0.047657542), water_tower (0.022042582)",34637
3240,77760,indoor,"clean_room (0.27474526), elevator/door (0.22297427), museum/indoor (0.064166136), server_room (0.059032902), art_gallery (0.057882987)",34637
3241,77784,indoor,"elevator/door (0.2689837), bow_window/indoor (0.09699657), locker_room (0.06403205), server_room (0.059751723), clean_room (0.05741271)",34637
3242,77808,indoor,"elevator/door (0.22249547), clean_room (0.11800998), museum/indoor (0.093292154), server_room (0.07210053), locker_room (0.056807507)",34637
3243,77832,indoor,"elevator/door (0.25003487), clean_room (0.15486452), server_room (0.111350015), locker_room (0.08152466), museum/indoor (0.040399093)",34637
3244,77856,indoor,"clean_room (0.30716076), shower (0.1482433), water_tower (0.096142344), physics_laboratory (0.08990072), chemistry_lab (0.061114296)",34637
3245,77880,indoor,"art_gallery (0.40671408), clean_room (0.316684), dressing_room (0.06275928), art_studio (0.0548298), museum/indoor (0.051756144)",34637
3246,77904,indoor,"clean_room (0.38400072), jewelry_shop (0.13685375), bathroom (0.12683329), dressing_room (0.103229955), beauty_salon (0.065041766)",34637
3247,77928,indoor,"clean_room (0.28136417), museum/indoor (0.2749583), art_gallery (0.14327708), dressing_room (0.07890958), bathroom (0.06041721)",34637
3248,77952,indoor,"dressing_room (0.87302995), discotheque (0.03774571), clean_room (0.033183075), music_studio (0.010772927), museum/indoor (0.0067128795)",34637
3249,77976,indoor,"dressing_room (0.8763638), clean_room (0.06929373), discotheque (0.015656717), music_studio (0.007267439), hospital_room (0.0043889014)",34637
3250,78000,indoor,"dressing_room (0.9246174), discotheque (0.027577346), music_studio (0.013887234), clean_room (0.01255737), beauty_salon (0.0025736296)",34637
3251,78024,indoor,"dressing_room (0.86722386), discotheque (0.08124868), music_studio (0.01878642), clean_room (0.008518902), beauty_salon (0.003130034)",34637
3252,78048,indoor,"dressing_room (0.849621), discotheque (0.10875064), music_studio (0.012030064), clean_room (0.0033959872), beauty_salon (0.0028106777)",34637
3253,78072,indoor,"dressing_room (0.6953814), discotheque (0.27714148), music_studio (0.0064923572), stage/indoor (0.0025889422), beauty_salon (0.0024104086)",34637
3254,78096,indoor,"dressing_room (0.81291145), discotheque (0.15136686), clean_room (0.0055762683), basement (0.0032108661), music_studio (0.0025790134)",34637
3255,78120,indoor,"dressing_room (0.93081665), discotheque (0.05115524), basement (0.0020990793), clean_room (0.0017876313), music_studio (0.0014326482)",34637
3256,78144,indoor,"dressing_room (0.91104966), discotheque (0.05883427), clean_room (0.005566904), beauty_salon (0.0028563936), music_studio (0.0028184266)",34637
3257,78168,indoor,"dressing_room (0.91098225), discotheque (0.06764931), music_studio (0.003983694), clean_room (0.0026293471), beauty_salon (0.0021945585)",34637
3258,78192,indoor,"dressing_room (0.79060286), discotheque (0.16269611), clean_room (0.0072697178), music_studio (0.0055709896), basement (0.0046382383)",34637
3259,78216,indoor,"dressing_room (0.8345177), discotheque (0.15305708), music_studio (0.0021363026), beauty_salon (0.001693903), chemistry_lab (0.0013624541)",34637
3260,78240,indoor,"clean_room (0.75730413), dressing_room (0.0787255), art_gallery (0.026928844), chemistry_lab (0.016977826), shower (0.01415175)",34637
3261,78264,indoor,"dressing_room (0.91143805), discotheque (0.07079273), beauty_salon (0.0018357665), shower (0.0017596975), bathroom (0.0016835438)",34637
3262,78288,indoor,"dressing_room (0.9319635), discotheque (0.053771578), beauty_salon (0.0019112119), shower (0.00156782), bathroom (0.001467994)",34637
3263,78312,indoor,"dressing_room (0.90440774), discotheque (0.078889824), sauna (0.0019832822), beauty_salon (0.0017628882), shower (0.0013916431)",34637
3264,78336,indoor,"clean_room (0.51380616), dressing_room (0.2377154), art_gallery (0.09471423), art_studio (0.038975354), shower (0.022332346)",34637
3265,78360,indoor,"clean_room (0.43848008), dressing_room (0.29483786), art_gallery (0.083953016), art_studio (0.04414429), shower (0.018589579)",34637
3266,78384,indoor,"clean_room (0.53734475), dressing_room (0.27590007), art_gallery (0.057167027), shower (0.018923791), art_studio (0.016814658)",34637
3267,78408,indoor,"clean_room (0.5754279), dressing_room (0.26896635), art_gallery (0.028308077), shower (0.018081026), art_studio (0.016836854)",34637
3268,78432,indoor,"stage/indoor (0.37942466), discotheque (0.321232), dressing_room (0.19093196), shower (0.055687543), music_studio (0.022549553)",34637
3269,78456,indoor,"stage/indoor (0.56809664), dressing_room (0.15983729), discotheque (0.14300804), museum/indoor (0.032318477), shower (0.02706905)",34637
3270,78480,indoor,"discotheque (0.36941347), stage/indoor (0.28805447), dressing_room (0.23855314), shower (0.038967397), music_studio (0.019962667)",34637
3271,78504,indoor,"stage/indoor (0.32840753), dressing_room (0.31802738), discotheque (0.21532768), shower (0.07514337), music_studio (0.0152729)",34637
3272,78528,indoor,"dressing_room (0.4771958), discotheque (0.25760883), stage/indoor (0.19807483), shower (0.025808575), music_studio (0.010595697)",34637
3273,78552,indoor,"discotheque (0.35606954), dressing_room (0.34939602), stage/indoor (0.14442569), shower (0.08595584), music_studio (0.014280482)",34637
3274,78576,indoor,"stage/indoor (0.38544625), discotheque (0.3568336), dressing_room (0.12538049), shower (0.06371365), music_studio (0.023211114)",34637
3275,78600,indoor,"discotheque (0.32265425), stage/indoor (0.3170134), dressing_room (0.25956452), shower (0.025070708), music_studio (0.01522647)",34637
3276,78624,indoor,"dressing_room (0.5013018), discotheque (0.2456795), stage/indoor (0.15970486), shower (0.03567707), music_studio (0.016839)",34637
3277,78648,indoor,"stage/indoor (0.50515336), museum/indoor (0.12991785), discotheque (0.12937309), clean_room (0.058863934), art_gallery (0.039222084)",34637
3278,78672,indoor,"discotheque (0.5861821), stage/indoor (0.23826215), dressing_room (0.03272662), music_studio (0.032002337), museum/indoor (0.030689413)",34637
3279,78696,indoor,"discotheque (0.7733288), stage/indoor (0.16210331), music_studio (0.029711826), television_studio (0.006015102), conference_center (0.003761707)",34637
3280,78720,indoor,"clean_room (0.37511015), dressing_room (0.29785305), shower (0.09257625), art_gallery (0.06601787), bathroom (0.03562586)",34637
3281,78744,indoor,"dressing_room (0.57184106), clean_room (0.10895256), shower (0.061948918), iceberg (0.034014847), art_gallery (0.030829731)",34637
3282,78768,indoor,"clean_room (0.65587974), dressing_room (0.13792294), shower (0.051081106), chemistry_lab (0.019161263), iceberg (0.01688365)",34637
3283,78792,indoor,"art_gallery (0.57109284), art_studio (0.25423452), dressing_room (0.06501198), artists_loft (0.04467568), art_school (0.033810373)",34637
3284,78816,indoor,"art_studio (0.33792984), art_gallery (0.30934244), dressing_room (0.13718207), artists_loft (0.065648966), art_school (0.054806113)",34637
3285,78840,indoor,"art_studio (0.33874252), art_gallery (0.26087373), dressing_room (0.1295744), art_school (0.09388769), artists_loft (0.059460945)",34637
3286,78864,indoor,"art_gallery (0.33983564), museum/indoor (0.2857716), art_studio (0.13543084), clean_room (0.062435072), dressing_room (0.04474843)",34637
3287,78888,indoor,"art_gallery (0.47813997), museum/indoor (0.16047314), art_studio (0.14640999), clean_room (0.050008073), artists_loft (0.033440676)",34637
3288,78912,indoor,"art_gallery (0.42177445), art_studio (0.18740061), museum/indoor (0.17248566), dressing_room (0.05434454), clean_room (0.03983993)",34637
3289,78936,indoor,"clean_room (0.29163593), art_gallery (0.22250141), art_studio (0.19403811), dressing_room (0.065403074), art_school (0.063431405)",34637
3290,78960,indoor,"dressing_room (0.5317618), art_gallery (0.2058757), shower (0.07082359), clean_room (0.0383969), art_studio (0.02531292)",34637
3291,78984,indoor,"art_gallery (0.35644418), dressing_room (0.2466842), clean_room (0.13568957), art_studio (0.05429532), museum/indoor (0.05022231)",34637
3292,79008,indoor,"art_studio (0.39034995), art_gallery (0.25449365), dressing_room (0.088262044), museum/indoor (0.07299415), art_school (0.05001537)",34637
3293,79032,indoor,"art_studio (0.4288237), art_gallery (0.1948207), dressing_room (0.06823345), museum/indoor (0.06391224), art_school (0.050333742)",34637
3294,79056,indoor,"dressing_room (0.4023084), art_studio (0.138596), art_gallery (0.11795515), museum/indoor (0.10742449), clean_room (0.05631489)",34637
3295,79080,indoor,"museum/indoor (0.49944547), art_gallery (0.27771747), art_studio (0.029068744), clean_room (0.02703549), nursery (0.024844589)",34637
3296,79104,indoor,"clean_room (0.5642305), staircase (0.09700565), dressing_room (0.0778046), bathroom (0.061818283), shower (0.038455434)",34637
3297,79128,indoor,"staircase (0.47754583), entrance_hall (0.1961293), clean_room (0.06490224), museum/indoor (0.056104865), dressing_room (0.05073271)",34637
3298,79152,indoor,"staircase (0.5878683), dressing_room (0.15444379), bathroom (0.06425147), laundromat (0.047091104), clean_room (0.038429506)",34637
3299,79176,indoor,"clean_room (0.83233684), shower (0.08439793), bathroom (0.05744872), dressing_room (0.010837833), art_gallery (0.0034705363)",34637
3300,79200,indoor,"clean_room (0.78467864), operating_room (0.103017785), chemistry_lab (0.04554472), hospital_room (0.015995584), locker_room (0.0077803857)",34637
3301,79224,indoor,"clean_room (0.9659602), operating_room (0.0069423453), bank_vault (0.0052010496), shower (0.0041085733), museum/indoor (0.0025204415)",34637
3302,79248,indoor,"shower (0.8314228), clean_room (0.09714844), museum/indoor (0.02621114), bank_vault (0.015135292), bathroom (0.00948784)",34637
3303,79272,indoor,"shower (0.60374784), clean_room (0.3715144), dressing_room (0.006096663), nursery (0.0041488213), operating_room (0.0024762289)",34637
3304,79296,indoor,"clean_room (0.60455847), shower (0.26166162), bathroom (0.035587016), museum/indoor (0.030141737), operating_room (0.01215853)",34637
3305,79320,indoor,"shower (0.46643418), clean_room (0.3564327), dressing_room (0.08356), elevator/door (0.03917824), locker_room (0.024648473)",34637
3306,79344,indoor,"clean_room (0.98452294), chemistry_lab (0.0048730304), dressing_room (0.002768795), shower (0.002492045), operating_room (0.0016367408)",34637
3307,79368,indoor,"dressing_room (0.36680707), clean_room (0.35180786), music_studio (0.09088953), museum/indoor (0.0398063), chemistry_lab (0.025654668)",34637
3308,79392,indoor,"clean_room (0.6082188), museum/indoor (0.14956473), dressing_room (0.10251631), art_gallery (0.050706096), art_studio (0.02202101)",34637
3309,79416,indoor,"clean_room (0.83670944), dressing_room (0.06140801), chemistry_lab (0.022057477), music_studio (0.017043838), museum/indoor (0.009354067)",34637
3310,79440,indoor,"clean_room (0.7384538), dressing_room (0.09221843), museum/indoor (0.06394726), chemistry_lab (0.019538967), music_studio (0.01715148)",34637
3311,79464,indoor,"clean_room (0.5956805), chemistry_lab (0.116397165), museum/indoor (0.103273936), dressing_room (0.057778098), shower (0.016960667)",34637
3312,79488,indoor,"clean_room (0.7019994), chemistry_lab (0.12921816), dressing_room (0.06756089), physics_laboratory (0.016013531), museum/indoor (0.015850259)",34637
3313,79512,indoor,"clean_room (0.47750363), dressing_room (0.20898025), chemistry_lab (0.10449156), music_studio (0.03718672), physics_laboratory (0.023094583)",34637
3314,79536,indoor,"clean_room (0.7296321), chemistry_lab (0.1545855), physics_laboratory (0.020728588), biology_laboratory (0.0146670975), dressing_room (0.013020974)",34637
3315,79560,indoor,"clean_room (0.45993155), chemistry_lab (0.16912597), museum/indoor (0.055800073), dressing_room (0.055007685), shower (0.04911113)",34637
3316,79584,indoor,"clean_room (0.59411144), museum/indoor (0.13307337), chemistry_lab (0.07551241), shower (0.047214948), dressing_room (0.028212566)",34637
3317,79608,indoor,"clean_room (0.62447554), museum/indoor (0.11368738), chemistry_lab (0.07442757), shower (0.056377158), operating_room (0.020059237)",34637
3318,79632,indoor,"clean_room (0.6601722), museum/indoor (0.13897622), chemistry_lab (0.05773292), dressing_room (0.029977536), art_gallery (0.012259317)",34637
3319,79656,indoor,"clean_room (0.6123646), chemistry_lab (0.095027715), shower (0.0659187), dressing_room (0.064108856), museum/indoor (0.048387565)",34637
3320,79680,indoor,"clean_room (0.46789414), museum/indoor (0.18461142), dressing_room (0.07669856), chemistry_lab (0.06894183), shower (0.025272641)",34637
3321,79704,indoor,"dressing_room (0.37487695), shower (0.27918705), museum/indoor (0.16560273), bathroom (0.056210283), chemistry_lab (0.028026115)",34637
3322,79728,indoor,"clean_room (0.69258356), bathroom (0.101478405), shower (0.0523598), museum/indoor (0.028506462), jewelry_shop (0.018791592)",34637
3323,79752,indoor,"clean_room (0.972622), hospital_room (0.009096656), chemistry_lab (0.006347462), operating_room (0.0051356666), biology_laboratory (0.002662271)",34637
3324,79776,indoor,"stage/indoor (0.27519572), discotheque (0.13110316), museum/indoor (0.11605883), ice_shelf (0.05876891), cemetery (0.030225473)",34637
3325,79800,outdoor,"stage/indoor (0.1269474), corn_field (0.12660635), discotheque (0.068404205), cemetery (0.056884166), pond (0.043742694)",34637
3326,79824,outdoor,"pond (0.16190033), stage/indoor (0.09526106), ice_floe (0.067747585), museum/indoor (0.06430845), lake/natural (0.05222958)",34637
3327,79848,indoor,"stage/indoor (0.24294148), discotheque (0.21645777), music_studio (0.0619315), pond (0.059345387), museum/indoor (0.02680184)",34637
3328,79872,indoor,"clean_room (0.6027241), beauty_salon (0.18580873), dressing_room (0.05168967), hospital_room (0.024270168), operating_room (0.015468667)",34637
3329,79896,indoor,"clean_room (0.33602455), nursery (0.12098799), hotel_room (0.09341704), dressing_room (0.089597866), beauty_salon (0.08889103)",34637
3330,79920,indoor,"dressing_room (0.55205417), clean_room (0.20294493), nursery (0.08258355), living_room (0.035892557), bedroom (0.02260628)",34637
3331,79944,indoor,"clean_room (0.3325017), dressing_room (0.20343788), chemistry_lab (0.1028919), stage/indoor (0.07478716), hospital_room (0.052343715)",34637
3332,79968,indoor,"clean_room (0.65501887), dressing_room (0.23128206), chemistry_lab (0.016997285), nursery (0.009223461), hospital_room (0.008671319)",34637
3333,79992,indoor,"clean_room (0.75344133), dressing_room (0.24112685), clothing_store (0.0018024844), hospital_room (0.00059648143), beauty_salon (0.00045328084)",34637
3334,80016,indoor,"clean_room (0.5948309), dressing_room (0.37001225), nursery (0.012212319), hospital_room (0.0032078004), living_room (0.0021740426)",34637
3335,80040,indoor,"clean_room (0.7669989), dressing_room (0.2287944), nursery (0.0019276363), clothing_store (0.001236796), closet (9.629646e-05)",34637
3336,80064,indoor,"clean_room (0.9581857), dressing_room (0.041204035), nursery (0.00014203168), hospital_room (0.00012513089), operating_room (7.8422905e-05)",34637
3337,80088,indoor,"clean_room (0.5998254), dressing_room (0.39063483), nursery (0.0032978174), locker_room (0.00084176625), hospital_room (0.0007824805)",34637
3338,80112,indoor,"dressing_room (0.5632985), clean_room (0.18743098), living_room (0.050409816), nursery (0.041962214), dining_room (0.020106003)",34637
3339,80136,indoor,"dressing_room (0.34922847), banquet_hall (0.16563903), living_room (0.10734811), dining_room (0.09130661), bedchamber (0.03331314)",34637
3340,80160,indoor,"dressing_room (0.22626328), living_room (0.15137061), bedchamber (0.075842865), beauty_salon (0.061464127), nursery (0.055508673)",34637
3341,80184,indoor,"dressing_room (0.30962425), living_room (0.100620784), beauty_salon (0.04888788), hotel_room (0.04233182), bedchamber (0.04112417)",34637
3342,80208,indoor,"dressing_room (0.16239628), living_room (0.12664078), nursery (0.0511596), beauty_salon (0.042862847), hotel_room (0.03971213)",34637
3343,80232,indoor,"dressing_room (0.19474672), nursery (0.10511018), living_room (0.102629304), beauty_salon (0.0570197), art_school (0.037707817)",34637
3344,80256,indoor,"dressing_room (0.20942712), living_room (0.12527356), nursery (0.060769457), beauty_salon (0.04086527), television_studio (0.04078736)",34637
3345,80280,indoor,"hospital_room (0.14649194), living_room (0.13042031), clean_room (0.08463737), dressing_room (0.077758044), hotel_room (0.07269812)",34637
3346,80304,indoor,"clean_room (0.13209693), archive (0.09600885), computer_room (0.07422428), hospital_room (0.07375666), banquet_hall (0.069948986)",34637
3347,80328,indoor,"banquet_hall (0.12749308), hospital_room (0.112966396), dressing_room (0.110303655), clean_room (0.0701821), living_room (0.049616724)",34637
3348,80352,indoor,"hospital_room (0.14728811), clean_room (0.12063856), dressing_room (0.08999549), banquet_hall (0.071449056), classroom (0.048799917)",34637
3349,80376,indoor,"hospital_room (0.20591955), clean_room (0.14707077), banquet_hall (0.06708649), dressing_room (0.06009867), classroom (0.054398753)",34637
3350,80400,indoor,"hospital_room (0.2165946), dressing_room (0.15524188), clean_room (0.05586192), nursery (0.0513499), banquet_hall (0.050585046)",34637
3351,80424,indoor,"hospital_room (0.2550497), clean_room (0.1495795), dressing_room (0.1272916), biology_laboratory (0.061950542), beauty_salon (0.05587885)",34637
3352,80448,indoor,"hospital_room (0.20993023), dressing_room (0.18652093), clean_room (0.17612085), banquet_hall (0.08487499), chemistry_lab (0.047481325)",34637
3353,80472,indoor,"dressing_room (0.13069163), banquet_hall (0.1274666), hospital_room (0.12061461), hotel_room (0.087761045), beauty_salon (0.06787316)",34637
3354,80496,indoor,"dressing_room (0.12654023), computer_room (0.10719877), banquet_hall (0.10167638), hospital_room (0.095715545), office (0.07104399)",34637
3355,80520,indoor,"dressing_room (0.3120352), hospital_room (0.09022767), music_studio (0.08264491), computer_room (0.07388691), clean_room (0.055804953)",34637
3356,80544,indoor,"dressing_room (0.17402178), hospital_room (0.120073825), computer_room (0.10558801), hotel_room (0.07822098), beauty_salon (0.070502184)",34637
3357,80568,indoor,"dressing_room (0.21028057), hospital_room (0.1458094), computer_room (0.09271816), music_studio (0.08881611), hotel_room (0.05449123)",34637
3358,80592,indoor,"hospital_room (0.3381713), clean_room (0.13649552), dressing_room (0.08984445), hotel_room (0.07562516), computer_room (0.057283476)",34637
3359,80616,indoor,"clean_room (0.3113101), living_room (0.1100359), nursery (0.09125637), hospital_room (0.07465694), banquet_hall (0.048743833)",34637
3360,80640,indoor,"clean_room (0.4451065), chemistry_lab (0.08346491), hospital_room (0.08157477), biology_laboratory (0.067836694), beauty_salon (0.044362515)",34637
3361,80664,indoor,"shower (0.41035816), clean_room (0.2320167), bow_window/indoor (0.12438991), bathroom (0.059278484), elevator/door (0.02643481)",34637
3362,80688,indoor,"clean_room (0.88236713), shower (0.02042127), dressing_room (0.01180388), elevator/door (0.008299196), bow_window/indoor (0.008169621)",34637
3363,80712,indoor,"clean_room (0.8004819), dressing_room (0.064463824), museum/indoor (0.023022668), locker_room (0.020318575), shower (0.01933948)",34637
3364,80736,indoor,"clean_room (0.4313454), dressing_room (0.16512662), shower (0.06948906), elevator/door (0.051327616), museum/indoor (0.048347455)",34637
3365,80760,indoor,"clean_room (0.29703143), dressing_room (0.18898337), museum/indoor (0.13274291), elevator/door (0.10788968), shower (0.09511784)",34637
3366,80784,indoor,"clean_room (0.8367794), shower (0.06461854), dressing_room (0.018394696), sauna (0.015548524), museum/indoor (0.014732087)",34637
3367,80808,indoor,"shower (0.38060626), clean_room (0.29758254), bathroom (0.088279374), dressing_room (0.08442714), sauna (0.054087915)",34637
3368,80832,indoor,"shower (0.41417566), clean_room (0.2603883), bathroom (0.10657158), bow_window/indoor (0.061244972), sauna (0.05192938)",34637
3369,80856,indoor,"clean_room (0.70369077), dressing_room (0.073834434), shower (0.04465968), sauna (0.041865237), locker_room (0.032559093)",34637
3370,80880,indoor,"dressing_room (0.4071278), sauna (0.21778995), museum/indoor (0.1270612), locker_room (0.07775745), clean_room (0.06516648)",34637
3371,80904,indoor,"dining_room (0.2603937), living_room (0.1759625), dressing_room (0.15837431), hotel_room (0.07442162), conference_room (0.07150399)",34637
3372,80928,indoor,"dressing_room (0.73973024), clean_room (0.08816738), beauty_salon (0.067702405), hospital_room (0.014246086), living_room (0.011947666)",34637
3373,80952,indoor,"dressing_room (0.9886507), beauty_salon (0.001556586), music_studio (0.0014807889), clean_room (0.0012566465), hospital_room (0.0010010427)",34637
3374,80976,indoor,"dressing_room (0.5580824), dining_room (0.13943015), beauty_salon (0.065645486), restaurant (0.060321838), banquet_hall (0.035092387)",34637
3375,81000,indoor,"dressing_room (0.81294674), clean_room (0.05269264), nursery (0.025316633), beauty_salon (0.0237796), chemistry_lab (0.022628678)",34637
3376,81024,indoor,"dressing_room (0.74757916), clean_room (0.09974625), locker_room (0.057109818), nursery (0.030038044), hospital_room (0.01949588)",34637
3377,81048,indoor,"dressing_room (0.5541145), clean_room (0.17425929), beauty_salon (0.0686718), hospital_room (0.049265146), living_room (0.02294466)",34637
3378,81072,indoor,"dressing_room (0.8381053), clean_room (0.06007491), locker_room (0.055700805), clothing_store (0.011352473), nursery (0.011269424)",34637
3379,81096,indoor,"dressing_room (0.68302464), clean_room (0.21210998), locker_room (0.051296365), hospital_room (0.01766733), nursing_home (0.0053808987)",34637
3380,81120,indoor,"dressing_room (0.78857476), clean_room (0.14749686), locker_room (0.028269937), hospital_room (0.007326935), nursery (0.005005941)",34637
3381,81144,indoor,"dressing_room (0.83542943), clean_room (0.111682996), locker_room (0.013287783), nursery (0.0064784987), clothing_store (0.006251673)",34637
3382,81168,indoor,"dressing_room (0.86204046), clean_room (0.10037733), hospital_room (0.006967674), locker_room (0.0056738425), nursery (0.0048232833)",34637
3383,81192,indoor,"dressing_room (0.9403457), clean_room (0.037410773), locker_room (0.009539996), clothing_store (0.0036127993), nursery (0.003206629)",34637
3384,81216,indoor,"dressing_room (0.9119139), clean_room (0.054899596), locker_room (0.0092921), clothing_store (0.0051117153), nursery (0.005102676)",34637
3385,81240,indoor,"dressing_room (0.98048925), clean_room (0.009963419), clothing_store (0.0034252652), locker_room (0.001080097), museum/indoor (0.0008882154)",34637
3386,81264,indoor,"dressing_room (0.978506), clean_room (0.0077913515), clothing_store (0.0059713875), locker_room (0.0023565043), nursery (0.0013625348)",34637
3387,81288,indoor,"dressing_room (0.98279643), clean_room (0.0065810517), locker_room (0.004462911), clothing_store (0.0033913297), nursery (0.0006660173)",34637
3388,81312,indoor,"dressing_room (0.92393345), clean_room (0.04466987), locker_room (0.014478913), clothing_store (0.0057152086), nursery (0.0027585567)",34637
3389,81336,indoor,"dressing_room (0.86645633), clean_room (0.086206436), locker_room (0.0211152), nursery (0.0067433105), clothing_store (0.0059763277)",34637
3390,81360,indoor,"dressing_room (0.80601174), clean_room (0.1265801), locker_room (0.032546803), nursery (0.013237203), hospital_room (0.0073655057)",34637
3391,81384,indoor,"dressing_room (0.9090664), clean_room (0.05570103), locker_room (0.012977193), clothing_store (0.008903958), nursery (0.005377658)",34637
3392,81408,indoor,"dressing_room (0.8058061), clean_room (0.12389662), locker_room (0.023289459), nursery (0.015623832), hospital_room (0.007304483)",34637
3393,81432,indoor,"dressing_room (0.8275685), clean_room (0.09110335), locker_room (0.041325692), nursery (0.009305898), hospital_room (0.006202979)",34637
3394,81456,indoor,"dressing_room (0.6773848), clean_room (0.20903827), locker_room (0.045363907), nursery (0.018895222), museum/indoor (0.009335641)",34637
3395,81480,indoor,"dressing_room (0.80704683), locker_room (0.06888881), clean_room (0.06568741), museum/indoor (0.014838129), nursery (0.012503362)",34637
3396,81504,indoor,"dressing_room (0.8510276), locker_room (0.095981404), clean_room (0.016549347), museum/indoor (0.010660899), clothing_store (0.0054360833)",34637
3397,81528,indoor,"dressing_room (0.83604765), locker_room (0.09178365), clean_room (0.036857523), museum/indoor (0.012984152), nursery (0.004534999)",34637
3398,81552,indoor,"dressing_room (0.65983874), clean_room (0.1833778), locker_room (0.10562061), nursery (0.010726205), museum/indoor (0.010498718)",34637
3399,81576,indoor,"clean_room (0.41215333), dressing_room (0.32780135), museum/indoor (0.08937308), locker_room (0.059352715), nursery (0.019541262)",34637
3400,81600,indoor,"dressing_room (0.49298087), clean_room (0.3309815), locker_room (0.104450226), museum/indoor (0.013864505), nursery (0.008695378)",34637
3401,81624,indoor,"dressing_room (0.45233512), clean_room (0.3444398), locker_room (0.12697472), gymnasium/indoor (0.01302784), museum/indoor (0.008698232)",34637
3402,81648,indoor,"dressing_room (0.51861036), clean_room (0.24303164), locker_room (0.16900972), gymnasium/indoor (0.009527412), nursery (0.008741137)",34637
3403,81672,indoor,"dressing_room (0.43923566), clean_room (0.32483873), locker_room (0.16740221), museum/indoor (0.015503367), gymnasium/indoor (0.012451676)",34637
3404,81696,indoor,"dressing_room (0.60732657), clean_room (0.20067598), locker_room (0.15310831), nursery (0.008568606), museum/indoor (0.0061483253)",34637
3405,81720,indoor,"dressing_room (0.53313875), clean_room (0.2326964), locker_room (0.18133426), museum/indoor (0.013908), nursery (0.010422395)",34637
3406,81744,indoor,"dressing_room (0.5985512), clean_room (0.23692438), locker_room (0.104943916), museum/indoor (0.023298984), nursery (0.008145475)",34637
3407,81768,indoor,"dressing_room (0.8131102), clean_room (0.096807934), locker_room (0.04961499), museum/indoor (0.013750609), clothing_store (0.0077886498)",34637
3408,81792,indoor,"dressing_room (0.812508), clean_room (0.106757805), locker_room (0.032271024), nursery (0.013192004), museum/indoor (0.012579882)",34637
3409,81816,indoor,"dressing_room (0.86061615), clean_room (0.089157484), locker_room (0.021476625), clothing_store (0.00788089), beauty_salon (0.0050460305)",34637
3410,81840,indoor,"dressing_room (0.4822412), museum/indoor (0.28227368), clean_room (0.08124894), locker_room (0.04391327), living_room (0.022106266)",34637
3411,81864,indoor,"dressing_room (0.33156946), museum/indoor (0.30988812), clean_room (0.1355885), locker_room (0.084489875), living_room (0.028561749)",34637
3412,81888,indoor,"dressing_room (0.3957269), clean_room (0.30030212), locker_room (0.142902), museum/indoor (0.05571207), living_room (0.022343168)",34637
3413,81912,indoor,"dressing_room (0.63057923), clean_room (0.20009735), locker_room (0.09855371), museum/indoor (0.01619073), living_room (0.009210703)",34637
3414,81936,indoor,"dressing_room (0.91887474), locker_room (0.03218402), clean_room (0.02455542), gymnasium/indoor (0.006623306), clothing_store (0.0034554088)",34637
3415,81960,indoor,"dressing_room (0.747135), nursery (0.09078369), locker_room (0.027396984), clean_room (0.024021288), gymnasium/indoor (0.013545004)",34637
3416,81984,indoor,"dressing_room (0.3517006), dining_room (0.23641984), banquet_hall (0.10224447), dining_hall (0.061167944), restaurant (0.040141363)",34637
3417,82008,indoor,"dressing_room (0.58951855), nursery (0.09552741), ballroom (0.06359778), gymnasium/indoor (0.062049344), music_studio (0.040782854)",34637
3418,82032,indoor,"dressing_room (0.83777636), nursery (0.06076911), ballroom (0.020453837), beauty_salon (0.013860853), hospital_room (0.013726426)",34637
3419,82056,indoor,"dressing_room (0.89365584), beauty_salon (0.029417874), ballroom (0.020272652), hospital_room (0.009353079), nursery (0.007982203)",34637
3420,82080,indoor,"dressing_room (0.897941), nursery (0.026789932), beauty_salon (0.013041312), hospital_room (0.011392106), clean_room (0.009941205)",34637
3421,82104,indoor,"dressing_room (0.84847856), ballroom (0.025416331), nursery (0.0201636), clean_room (0.015281296), beauty_salon (0.012873333)",34637
3422,82128,indoor,"dressing_room (0.6582732), ballroom (0.096112564), clean_room (0.042392883), music_studio (0.041712325), television_studio (0.03745468)",34637
3423,82152,indoor,"dressing_room (0.73071325), clean_room (0.09926489), ballroom (0.032653615), hospital_room (0.022510685), beauty_salon (0.018835953)",34637
3424,82176,indoor,"dressing_room (0.9102978), beauty_salon (0.025905224), ballroom (0.01574213), nursery (0.007181585), hotel_room (0.0045406697)",34637
3425,82200,indoor,"dressing_room (0.8417121), ballroom (0.042116676), beauty_salon (0.023410834), clean_room (0.008600414), nursery (0.007124971)",34637
3426,82224,indoor,"dressing_room (0.7938419), ballroom (0.046971645), nursery (0.04261005), clean_room (0.019057756), music_studio (0.014009862)",34637
3427,82248,indoor,"dressing_room (0.68658), ballroom (0.08656061), music_studio (0.04152237), hospital_room (0.03836176), nursing_home (0.028740127)",34637
3428,82272,indoor,"dressing_room (0.5084973), hospital_room (0.08387993), beauty_salon (0.05446207), dining_room (0.0357787), music_studio (0.03539652)",34637
3429,82296,indoor,"dressing_room (0.4980301), hospital_room (0.07342989), ballroom (0.07125714), nursery (0.05917636), nursing_home (0.043242272)",34637
3430,82320,indoor,"dressing_room (0.747524), clean_room (0.17580526), locker_room (0.022715323), beauty_salon (0.017317103), hospital_room (0.007731898)",34637
3431,82344,indoor,"dressing_room (0.75666046), clean_room (0.121495344), locker_room (0.048516657), beauty_salon (0.01733768), hospital_room (0.011450702)",34637
3432,82368,indoor,"dressing_room (0.77380526), clean_room (0.13122505), locker_room (0.042299636), office (0.008368617), beauty_salon (0.0071608024)",34637
3433,82392,indoor,"clean_room (0.4114778), dressing_room (0.35558346), nursery (0.06502854), hospital_room (0.049088746), locker_room (0.016719691)",34637
3434,82416,indoor,"clean_room (0.48292527), dressing_room (0.16387355), nursery (0.14478144), hospital_room (0.07817408), locker_room (0.029305076)",34637
3435,82440,indoor,"clean_room (0.3777645), dressing_room (0.315387), nursery (0.11192018), hospital_room (0.07484635), locker_room (0.036551684)",34637
3436,82464,indoor,"dressing_room (0.5995606), clean_room (0.24059635), hospital_room (0.0436818), locker_room (0.022580639), beauty_salon (0.020114094)",34637
3437,82488,indoor,"dressing_room (0.88064355), clean_room (0.08706847), hospital_room (0.007453553), locker_room (0.0071177594), beauty_salon (0.0044884426)",34637
3438,82512,indoor,"dressing_room (0.6160073), clean_room (0.15196066), museum/indoor (0.041074183), ballroom (0.037150774), beauty_salon (0.02109506)",34637
3439,82536,indoor,"dressing_room (0.5459887), clean_room (0.07786695), beauty_salon (0.06175276), ballroom (0.04388299), living_room (0.03792447)",34637
3440,82560,indoor,"dressing_room (0.4143341), clean_room (0.087317035), ballroom (0.052729595), beauty_salon (0.04483056), office (0.043101124)",34637
3441,82584,indoor,"dressing_room (0.39844775), clean_room (0.36277902), museum/indoor (0.042780295), ballroom (0.039689828), beauty_salon (0.015497809)",34637
3442,82608,indoor,"dressing_room (0.5397637), ballroom (0.102515966), clean_room (0.089042194), beauty_salon (0.025184222), museum/indoor (0.024041632)",34637
3443,82632,indoor,"dressing_room (0.541325), clean_room (0.14140765), ballroom (0.09144351), beauty_salon (0.03390416), museum/indoor (0.02316448)",34637
3444,82656,indoor,"dressing_room (0.48007044), ballroom (0.085859716), clean_room (0.07304401), office (0.061316885), dining_room (0.037264526)",34637
3445,82680,indoor,"dressing_room (0.5349417), clean_room (0.115822606), ballroom (0.05982969), office (0.047070313), museum/indoor (0.024547126)",34637
3446,82704,indoor,"dressing_room (0.3514891), clean_room (0.2623484), ballroom (0.1088876), museum/indoor (0.037778765), office (0.032632213)",34637
3447,82728,indoor,"dressing_room (0.56751794), ballroom (0.10054335), clean_room (0.052116357), museum/indoor (0.049310125), nursery (0.031840958)",34637
3448,82752,indoor,"dressing_room (0.6962507), nursery (0.055349533), ballroom (0.04136563), living_room (0.022121588), museum/indoor (0.017999565)",34637
3449,82776,indoor,"dressing_room (0.72911036), nursery (0.120938584), ballroom (0.04067551), archive (0.012826891), clean_room (0.010497375)",34637
3450,82800,indoor,"clean_room (0.22908701), dressing_room (0.11310742), chemistry_lab (0.10419194), biology_laboratory (0.059277195), beauty_salon (0.055176172)",34637
3451,82824,outdoor,"basement (0.07793999), snowfield (0.07319382), sky (0.05671382), ice_shelf (0.05363423), hot_spring (0.04873947)",34637
3452,82848,indoor,"basement (0.17583989), jail_cell (0.085718766), shower (0.05493752), closet (0.040000312), elevator/door (0.038180377)",34637
3453,82872,outdoor,"hot_spring (0.15171562), shower (0.11680424), ice_shelf (0.07565448), lake/natural (0.06967201), elevator/door (0.039950073)",34637
3454,82896,indoor,"clean_room (0.9854372), operating_room (0.004566074), dressing_room (0.0035323277), archive (0.002348115), hospital_room (0.0017089385)",34637
3455,82920,indoor,"clean_room (0.75267863), office (0.072142325), office_cubicles (0.050009485), archive (0.039705213), computer_room (0.025801906)",34637
3456,82944,indoor,"clean_room (0.8660988), dressing_room (0.059618045), archive (0.012771992), playroom (0.010670482), hospital_room (0.0049572596)",34637
3457,82968,indoor,"clean_room (0.85082734), archive (0.045220617), dressing_room (0.0352682), office (0.017174749), library/indoor (0.009211989)",34637
3458,82992,indoor,"clean_room (0.6198721), archive (0.088960946), bow_window/indoor (0.059601113), living_room (0.05583101), library/indoor (0.03686279)",34637
3459,83016,indoor,"clean_room (0.4227203), living_room (0.1822385), bow_window/indoor (0.10375976), dressing_room (0.069644265), waiting_room (0.059288897)",34637
3460,83040,indoor,"living_room (0.3103884), bow_window/indoor (0.20283099), clean_room (0.17798524), dressing_room (0.054807603), waiting_room (0.046573468)",34637
3461,83064,indoor,"clean_room (0.5623951), bow_window/indoor (0.10615613), living_room (0.096410275), waiting_room (0.086723626), office (0.030601408)",34637
3462,83088,indoor,"clean_room (0.62954277), office (0.10138179), bow_window/indoor (0.048008483), living_room (0.031205744), office_cubicles (0.02777816)",34637
3463,83112,indoor,"clean_room (0.8939042), office (0.01897037), archive (0.018203378), dressing_room (0.011495057), living_room (0.007883209)",34637
3464,83136,indoor,"clean_room (0.84247077), archive (0.030962942), office (0.027048478), dressing_room (0.0145465275), computer_room (0.013309581)",34637
3465,83160,indoor,"clean_room (0.8652229), office (0.033088777), dressing_room (0.014367031), living_room (0.0114609515), archive (0.010381387)",34637
3466,83184,indoor,"clean_room (0.88284737), office (0.022917798), dressing_room (0.015598457), archive (0.011330018), computer_room (0.010656587)",34637
3467,83208,indoor,"clean_room (0.8956323), office (0.02465314), archive (0.01813428), computer_room (0.012977387), office_cubicles (0.007821885)",34637
3468,83232,indoor,"clean_room (0.79909337), office (0.06374668), archive (0.034285963), computer_room (0.024504429), dressing_room (0.01748891)",34637
3469,83256,indoor,"clean_room (0.9574295), archive (0.014592945), office (0.0051615275), computer_room (0.004275781), dressing_room (0.0024995173)",34637
3470,83280,indoor,"clean_room (0.92295706), archive (0.028264092), office (0.011356301), computer_room (0.011026424), dressing_room (0.0033712955)",34637
3471,83304,indoor,"clean_room (0.6613216), office (0.06488778), archive (0.051986318), computer_room (0.04644597), waiting_room (0.025335358)",34637
3472,83328,indoor,"clean_room (0.7591153), office (0.057745896), dressing_room (0.051226772), bow_window/indoor (0.01890246), archive (0.01772595)",34637
3473,83352,indoor,"office (0.27825463), clean_room (0.2706307), office_cubicles (0.113260776), archive (0.10522778), computer_room (0.08392811)",34637
3474,83376,indoor,"clean_room (0.8607594), office (0.03500998), archive (0.031217225), computer_room (0.01813108), office_cubicles (0.01656809)",34637
3475,83400,indoor,"clean_room (0.8992307), office (0.031573147), archive (0.023012687), computer_room (0.011304584), office_cubicles (0.0066374773)",34637
3476,83424,indoor,"clean_room (0.9136052), archive (0.067035004), office (0.006776968), office_cubicles (0.0020024485), computer_room (0.0019338024)",34637
3477,83448,indoor,"clean_room (0.97879994), dressing_room (0.01034084), archive (0.0069376263), locker_room (0.0014586892), museum/indoor (0.0002760525)",34637
3478,83472,indoor,"clean_room (0.6148788), archive (0.35217607), dressing_room (0.014641097), locker_room (0.009583368), office_cubicles (0.0013114804)",34637
3479,83496,indoor,"clean_room (0.81974405), archive (0.1430385), dressing_room (0.024010925), locker_room (0.008416867), nursery (0.0011957653)",34637
3480,83520,indoor,"clean_room (0.8183787), archive (0.14271612), dressing_room (0.028383343), locker_room (0.004165746), nursery (0.003715501)",34637
3481,83544,indoor,"clean_room (0.596681), archive (0.36073512), dressing_room (0.036231883), locker_room (0.0017080642), museum/indoor (0.0009604097)",34637
3482,83568,indoor,"clean_room (0.64704746), archive (0.23589762), dressing_room (0.110646315), locker_room (0.0014662463), operating_room (0.001142441)",34637
3483,83592,indoor,"clean_room (0.97303855), dressing_room (0.018728014), archive (0.0048445035), operating_room (0.0015162292), locker_room (0.0006601477)",34637
3484,83616,indoor,"clean_room (0.9635084), archive (0.030274613), dressing_room (0.004775716), operating_room (0.00047376723), museum/indoor (0.00029618794)",34637
3485,83640,indoor,"clean_room (0.9622186), archive (0.027301349), dressing_room (0.008704791), operating_room (0.0004423749), locker_room (0.0003982667)",34637
3486,83664,indoor,"clean_room (0.8881932), archive (0.08536927), dressing_room (0.02328899), museum/indoor (0.0009135684), operating_room (0.00066914945)",34637
3487,83688,indoor,"clean_room (0.70037025), archive (0.21299833), dressing_room (0.07654299), locker_room (0.003003348), office (0.0019001348)",34637
3488,83712,indoor,"clean_room (0.84055114), archive (0.11868709), dressing_room (0.03679603), operating_room (0.00080555916), office (0.0006758801)",34637
3489,83736,indoor,"clean_room (0.9010763), archive (0.066822946), dressing_room (0.025364967), operating_room (0.0021062929), nursery (0.001489392)",34637
3490,83760,indoor,"clean_room (0.7456868), archive (0.20407107), dressing_room (0.041653987), locker_room (0.0017707965), nursery (0.001684742)",34637
3491,83784,indoor,"clean_room (0.7354061), archive (0.21871024), dressing_room (0.039426547), nursery (0.0014510074), operating_room (0.0010699609)",34637
3492,83808,indoor,"clean_room (0.7128114), archive (0.25341722), dressing_room (0.026691848), operating_room (0.0018333397), locker_room (0.0009831183)",34637
3493,83832,indoor,"clean_room (0.7312774), archive (0.21160445), dressing_room (0.05094203), locker_room (0.0011737138), operating_room (0.0011171962)",34637
3494,83856,indoor,"clean_room (0.6035731), archive (0.32986072), dressing_room (0.05957734), locker_room (0.001895792), office (0.0014193169)",34637
3495,83880,indoor,"clean_room (0.84081453), archive (0.13733016), dressing_room (0.01489982), nursery (0.0019454325), locker_room (0.0013319778)",34637
3496,83904,indoor,"clean_room (0.51689374), archive (0.4299043), dressing_room (0.043137357), locker_room (0.002574048), office (0.0015462347)",34637
3497,83928,indoor,"clean_room (0.7629244), archive (0.22230034), dressing_room (0.008813245), operating_room (0.0012784919), office (0.00094696105)",34637
3498,83952,indoor,"clean_room (0.78960985), archive (0.1798486), dressing_room (0.02156166), operating_room (0.0023653302), locker_room (0.0011328498)",34637
3499,83976,indoor,"restaurant (0.3568281), dining_room (0.1256999), office (0.09807777), reception (0.08114316), home_office (0.04128159)",34637
3500,84000,indoor,"restaurant (0.27234486), dining_room (0.16450493), office (0.13752703), reception (0.088340394), home_office (0.07332488)",34637
3501,84024,indoor,"restaurant (0.17919455), reception (0.13152908), office (0.12877281), dining_room (0.12760666), home_office (0.054902937)",34637
3502,84048,indoor,"dining_room (0.18193658), office (0.13904428), restaurant (0.1248599), reception (0.09546072), bow_window/indoor (0.07450139)",34637
3503,84072,indoor,"science_museum (0.15897049), bathroom (0.09346449), chemistry_lab (0.09083371), shower (0.074119695), clean_room (0.05907397)",34637
3504,84096,indoor,"shower (0.15627803), basement (0.13017587), jail_cell (0.079411395), elevator/door (0.07576632), closet (0.042774305)",34637
3505,84120,outdoor,"sky (0.24431004), snowfield (0.1299941), hot_spring (0.10398109), rainforest (0.0454422), mountain_snowy (0.04543566)",34637
3506,84144,outdoor,"snowfield (0.36976412), sky (0.16344541), elevator/door (0.053830408), ice_shelf (0.0450504), ice_floe (0.033410326)",34637
3507,84168,indoor,"sky (0.25592887), elevator/door (0.228412), snowfield (0.18975827), closet (0.07972168), locker_room (0.028222378)",34637
3508,84192,outdoor,"airfield (0.3769631), snowfield (0.12747262), ice_floe (0.1047242), sky (0.07120719), runway (0.031132841)",34637
3509,84216,outdoor,"sky (0.4733949), airfield (0.16596882), snowfield (0.10941408), ski_slope (0.036281824), glacier (0.034836996)",34637
3510,84240,indoor,"elevator/door (0.3141426), shower (0.21504213), closet (0.15306555), sky (0.10129412), locker_room (0.0936988)",34637
3511,84264,outdoor,"sky (0.3178192), airfield (0.2621525), marsh (0.0705265), runway (0.046311177), snowfield (0.036358245)",34637
3512,84288,outdoor,"sky (0.55579877), shower (0.24114114), airfield (0.057824768), runway (0.0189368), wind_farm (0.016984334)",34637
3513,84312,outdoor,"sky (0.54410225), shower (0.3313474), ice_floe (0.015657542), snowfield (0.010370913), airfield (0.009531014)",34637
3514,84336,indoor,"museum/indoor (0.47384197), dressing_room (0.097768545), locker_room (0.08120423), art_gallery (0.059293225), clean_room (0.032556772)",34637
3515,84360,indoor,"museum/indoor (0.7979977), art_gallery (0.04780321), clean_room (0.044587716), archive (0.018823015), science_museum (0.015873998)",34637
3516,84384,indoor,"discotheque (0.37216), clean_room (0.11181139), stage/indoor (0.042751767), dressing_room (0.040806532), chemistry_lab (0.038579013)",34637
3517,84408,indoor,"clean_room (0.55431956), conference_room (0.055808216), museum/indoor (0.047804613), dressing_room (0.033342794), beauty_salon (0.02566873)",34637
3518,84432,indoor,"clean_room (0.46721095), bathroom (0.057456058), dressing_room (0.055773124), beauty_salon (0.04737635), conference_room (0.03357139)",34637
3519,84456,outdoor,"shower (0.5112723), sky (0.28263938), ice_floe (0.050188016), airfield (0.023356874), snowfield (0.015150881)",34637
3520,84480,outdoor,"sky (0.30905065), shower (0.21881348), airfield (0.09278953), runway (0.061254766), elevator/door (0.03890307)",34637
3521,84504,outdoor,"shower (0.36364716), sky (0.13434592), elevator/door (0.06333883), wind_farm (0.05854824), hangar/outdoor (0.04152169)",34637
3522,84528,outdoor,"shower (0.24071017), sky (0.123748146), airfield (0.10753799), snowfield (0.083677694), runway (0.06944982)",34637
3523,84552,outdoor,"sky (0.35593036), hot_spring (0.13954087), snowfield (0.09088879), ice_shelf (0.05026447), shower (0.046840426)",34637
3524,84576,indoor,"shower (0.3598689), snowfield (0.04679432), elevator/door (0.038483277), basement (0.03462552), hot_spring (0.030943125)",34637
3525,84600,indoor,"shower (0.48823303), bow_window/indoor (0.21279807), bathroom (0.07963328), locker_room (0.041009765), elevator/door (0.027795646)",34637
3526,84624,indoor,"bow_window/indoor (0.66849387), atrium/public (0.10386852), shower (0.041697454), clean_room (0.020396467), elevator/door (0.019386847)",34637
3527,84648,indoor,"bow_window/indoor (0.7550832), atrium/public (0.04590603), shower (0.03236343), clean_room (0.029597413), elevator/door (0.018839607)",34637
3528,84672,indoor,"bow_window/indoor (0.6615894), shower (0.07549282), atrium/public (0.033351045), elevator/door (0.025896823), airport_terminal (0.025331847)",34637
3529,84696,indoor,"bow_window/indoor (0.84545094), shower (0.063137636), elevator/door (0.010448261), bathroom (0.0081255175), wind_farm (0.005388821)",34637
3530,84720,indoor,"clean_room (0.316924), locker_room (0.08961744), dressing_room (0.07331975), museum/indoor (0.0648883), server_room (0.06331405)",34637
3531,84744,indoor,"shower (0.25579968), locker_room (0.24026398), clean_room (0.22454648), bathroom (0.06937324), sauna (0.043040168)",34637
3532,84768,indoor,"shower (0.30593693), locker_room (0.26495728), clean_room (0.19705059), bathroom (0.08543424), sauna (0.042116564)",34637
3533,84792,indoor,"clean_room (0.18896438), shower (0.16977261), locker_room (0.15622029), dressing_room (0.09540926), museum/indoor (0.094480164)",34637
3534,84816,indoor,"shower (0.28364477), locker_room (0.24593242), dressing_room (0.12121547), clean_room (0.1040977), bathroom (0.10018493)",34637
3535,84840,indoor,"locker_room (0.22069843), dressing_room (0.2063661), shower (0.2013094), clean_room (0.15463303), bathroom (0.104989275)",34637
3536,84864,indoor,"museum/indoor (0.34031135), dressing_room (0.30538058), art_gallery (0.07818074), artists_loft (0.035726327), clean_room (0.030505326)",34637
3537,84888,indoor,"museum/indoor (0.32366228), dressing_room (0.24508974), locker_room (0.09226645), art_gallery (0.09118786), clean_room (0.083076514)",34637
3538,84912,indoor,"museum/indoor (0.68916327), art_gallery (0.07694594), dressing_room (0.071136825), clean_room (0.052902576), locker_room (0.031253953)",34637
3539,84936,indoor,"museum/indoor (0.40803027), dressing_room (0.16417412), clean_room (0.15454681), art_gallery (0.059261676), locker_room (0.055974912)",34637
3540,84960,indoor,"clean_room (0.5023392), museum/indoor (0.2666029), art_gallery (0.07296425), dressing_room (0.022614006), office (0.018318359)",34637
3541,84984,indoor,"clean_room (0.5810067), museum/indoor (0.23869517), art_gallery (0.07026337), archive (0.019953307), locker_room (0.015326271)",34637
3542,85008,indoor,"clean_room (0.7167835), museum/indoor (0.10055986), office (0.042263597), art_gallery (0.022490038), dressing_room (0.019973109)",34637
3543,85032,indoor,"clean_room (0.7203793), museum/indoor (0.08711358), office (0.040456407), art_gallery (0.020829702), dressing_room (0.016837709)",34637
3544,85056,indoor,"clean_room (0.48906848), museum/indoor (0.11426977), dressing_room (0.071014196), locker_room (0.055328805), office (0.054323222)",34637
3545,85080,indoor,"clean_room (0.40904614), museum/indoor (0.18152022), office (0.09433766), dressing_room (0.06084528), art_gallery (0.046824504)",34637
3546,85104,indoor,"clean_room (0.5763876), museum/indoor (0.12585004), office (0.06087207), dressing_room (0.03841655), art_gallery (0.027775628)",34637
3547,85128,indoor,"clean_room (0.62982434), museum/indoor (0.07464986), dressing_room (0.059637357), locker_room (0.051611), office (0.03777036)",34637
3548,85152,indoor,"clean_room (0.3630965), office (0.15678246), museum/indoor (0.0911634), dressing_room (0.05956395), locker_room (0.04338638)",34637
3549,85176,indoor,"clean_room (0.55237484), beauty_salon (0.051980086), archive (0.040246338), locker_room (0.039167896), dressing_room (0.031183857)",34637
3550,85200,indoor,"dressing_room (0.24964401), art_gallery (0.20133553), clean_room (0.09952585), elevator/door (0.061477114), shower (0.055957396)",34637
3551,85224,indoor,"clean_room (0.3079626), shower (0.21495275), bathroom (0.16360185), locker_room (0.040215548), elevator_lobby (0.03468866)",34637
3552,85248,indoor,"lobby (0.21831372), clean_room (0.08982685), reception (0.0850711), atrium/public (0.07443145), airport_terminal (0.060392655)",34637
3553,85272,indoor,"lobby (0.18972196), shower (0.090442725), atrium/public (0.077664904), airport_terminal (0.07684131), clean_room (0.07677619)",34637
3554,85296,indoor,"lobby (0.25736234), atrium/public (0.13497372), reception (0.10384069), shower (0.09205487), shopping_mall/indoor (0.046116438)",34637
3555,85320,indoor,"shower (0.2492648), lobby (0.21154748), reception (0.1425234), bathroom (0.093118936), clean_room (0.02805481)",34637
3556,85344,indoor,"shower (0.65961623), bathroom (0.11552929), lobby (0.046475634), conference_room (0.021349583), atrium/public (0.017038506)",34637
3557,85368,indoor,"shower (0.67116755), bathroom (0.17429967), lobby (0.034478683), reception (0.019069396), conference_room (0.00993399)",34637
3558,85392,indoor,"shower (0.6837263), bathroom (0.14991827), lobby (0.032291967), reception (0.015757987), discotheque (0.009323113)",34637
3559,85416,indoor,"shower (0.5784877), bathroom (0.09851857), lobby (0.06395393), reception (0.022268796), clean_room (0.018552404)",34637
3560,85440,indoor,"shower (0.42140937), lobby (0.22831841), reception (0.08065397), bathroom (0.07909874), atrium/public (0.022712559)",34637
3561,85464,indoor,"shower (0.3881114), lobby (0.13113128), bathroom (0.0632679), airport_terminal (0.053173516), clean_room (0.047551244)",34637
3562,85488,indoor,"shower (0.43943402), lobby (0.09981537), airport_terminal (0.072722286), elevator/door (0.04434902), elevator_lobby (0.041517276)",34637
3563,85512,indoor,"lobby (0.21999389), shower (0.16277865), bathroom (0.0734967), reception (0.04187562), conference_room (0.04138783)",34637
3564,85536,indoor,"shower (0.209177), server_room (0.15860546), bathroom (0.13116872), clean_room (0.111660585), locker_room (0.04739966)",34637
3565,85560,indoor,"server_room (0.6331324), clean_room (0.1645347), archive (0.11803944), locker_room (0.017523509), storage_room (0.015284684)",34637
3566,85584,indoor,"clean_room (0.5342176), archive (0.08019972), corridor (0.07061656), conference_room (0.044131666), office (0.030487042)",34637
3567,85608,indoor,"server_room (0.33375603), archive (0.28874427), clean_room (0.23130535), locker_room (0.050710782), bank_vault (0.037127)",34637
3568,85632,indoor,"clean_room (0.33119094), archive (0.26767227), server_room (0.1665884), shower (0.09564067), bank_vault (0.03770659)",34637
3569,85656,indoor,"clean_room (0.70184517), archive (0.100252956), server_room (0.09462845), bank_vault (0.032697044), shower (0.032272596)",34637
3570,85680,indoor,"clean_room (0.63689846), server_room (0.13932537), archive (0.12069685), shower (0.050758094), locker_room (0.024268819)",34637
3571,85704,indoor,"clean_room (0.56384355), archive (0.20837912), server_room (0.1254592), bank_vault (0.029716955), shower (0.02866532)",34637
3572,85728,indoor,"clean_room (0.3754916), shower (0.24968563), server_room (0.22408606), bank_vault (0.083936654), locker_room (0.016743409)",34637
3573,85752,indoor,"clean_room (0.72465295), shower (0.13477966), bank_vault (0.04089854), server_room (0.02839532), archive (0.020905012)",34637
3574,85776,indoor,"clean_room (0.71451575), chemistry_lab (0.043206275), shower (0.04272389), archive (0.03142074), locker_room (0.02451726)",34637
3575,85800,indoor,"shower (0.4470061), clean_room (0.17939967), archive (0.12053895), museum/indoor (0.041240048), chemistry_lab (0.021644754)",34637
3576,85824,indoor,"clean_room (0.4252268), shower (0.27801603), museum/indoor (0.08917106), archive (0.044427615), locker_room (0.024778858)",34637
3577,85848,indoor,"clean_room (0.7662762), archive (0.029083246), server_room (0.025703227), locker_room (0.02349538), chemistry_lab (0.021289986)",34637
3578,85872,indoor,"clean_room (0.40357497), pharmacy (0.13576), drugstore (0.116407186), archive (0.068024546), shower (0.043978877)",34637
3579,85896,indoor,"clean_room (0.42239493), archive (0.1115996), server_room (0.06756327), locker_room (0.058130868), chemistry_lab (0.052397296)",34637
3580,85920,outdoor,"clean_room (0.5585635), ice_floe (0.07290179), ice_shelf (0.044669393), iceberg (0.040811975), chemistry_lab (0.026570007)",34637
3581,85944,outdoor,"art_gallery (0.21049353), clean_room (0.19232449), ice_shelf (0.08061147), ice_floe (0.07768722), iceberg (0.05496347)",34637
3582,85968,outdoor,"clean_room (0.25867665), art_gallery (0.12062252), ice_floe (0.062515154), igloo (0.057258196), ice_shelf (0.052531026)",34637
3583,85992,indoor,"clean_room (0.19044165), ice_floe (0.10128363), ice_shelf (0.08559587), hotel_room (0.07883807), bedroom (0.071955144)",34637
3584,86016,indoor,"clean_room (0.3076622), art_gallery (0.1435161), archive (0.05717933), locker_room (0.052948065), ice_shelf (0.044276677)",34637
3585,86040,indoor,"clean_room (0.3188173), museum/indoor (0.14529125), artists_loft (0.08018016), art_gallery (0.07556425), ice_floe (0.057319477)",34637
3586,86064,outdoor,"ice_floe (0.1572995), iceberg (0.10495363), museum/indoor (0.038121086), clean_room (0.03701834), marsh (0.036384985)",34637
3587,86088,outdoor,"iceberg (0.47016695), ice_floe (0.27947634), ice_shelf (0.10790032), clean_room (0.020763649), igloo (0.02066061)",34637
3588,86112,outdoor,"iceberg (0.5700125), ice_floe (0.2628543), ice_shelf (0.04323421), natural_history_museum (0.015958969), watering_hole (0.013696128)",34637
3589,86136,outdoor,"shower (0.14782806), ice_shelf (0.13573495), art_gallery (0.09144929), ice_floe (0.07415475), iceberg (0.06764919)",34637
3590,86160,outdoor,"iceberg (0.5474299), ice_floe (0.16262554), museum/indoor (0.040584274), clean_room (0.03623797), ice_shelf (0.033217095)",34637
3591,86184,outdoor,"iceberg (0.72033656), ice_floe (0.21359491), ice_shelf (0.03551062), ocean (0.0033347576), clean_room (0.0032139658)",34637
3592,86208,outdoor,"iceberg (0.73147386), ice_floe (0.1554903), ice_shelf (0.056434207), clean_room (0.007808137), museum/indoor (0.004496052)",34637
3593,86232,outdoor,"iceberg (0.34324065), ice_floe (0.25233114), ice_shelf (0.09000352), clean_room (0.04619389), igloo (0.037084345)",34637
3594,86256,indoor,"ice_floe (0.24200098), art_gallery (0.12367157), iceberg (0.08265977), clean_room (0.061590984), museum/indoor (0.054762658)",34637
3595,86280,indoor,"clean_room (0.39451605), ice_floe (0.2572343), iceberg (0.15143412), chemistry_lab (0.072368376), biology_laboratory (0.019813802)",34637
3596,86304,indoor,"clean_room (0.40960705), ice_floe (0.25048473), iceberg (0.07955842), chemistry_lab (0.044777267), operating_room (0.043617412)",34637
3597,86328,indoor,"clean_room (0.8730913), shower (0.02313187), museum/indoor (0.022463687), science_museum (0.017150175), archive (0.015835565)",34637
3598,86352,indoor,"bathroom (0.4547649), beauty_salon (0.23086312), ice_floe (0.06480922), shower (0.042157445), operating_room (0.03472532)",34637
3599,86376,indoor,"bathroom (0.41132337), beauty_salon (0.3954953), operating_room (0.037467334), shower (0.027729781), clean_room (0.015832566)",34637
3600,86400,indoor,"clean_room (0.36762038), archive (0.26183197), museum/indoor (0.17691939), shower (0.035176817), drugstore (0.016962998)",34637
3601,86424,indoor,"clean_room (0.800402), archive (0.06139789), museum/indoor (0.029246453), shower (0.023113884), drugstore (0.011740633)",34637
3602,86448,indoor,"clean_room (0.9546663), shower (0.017512241), museum/indoor (0.0062869834), operating_room (0.0056932163), archive (0.002862407)",34637
3603,86472,indoor,"clean_room (0.95820713), shower (0.010498645), museum/indoor (0.0070777307), chemistry_lab (0.00401617), operating_room (0.003828691)",34637
3604,86496,indoor,"clean_room (0.9653976), museum/indoor (0.008399726), shower (0.0058731437), chemistry_lab (0.0045388853), operating_room (0.0038550864)",34637
3605,86520,indoor,"clean_room (0.96938926), operating_room (0.005968453), shower (0.005122113), museum/indoor (0.0038754772), archive (0.00313902)",34637
3606,86544,indoor,"clean_room (0.9129329), archive (0.037234034), locker_room (0.022238102), server_room (0.007842767), shower (0.0038968222)",34637
3607,86568,indoor,"clean_room (0.7928158), shower (0.13796452), chemistry_lab (0.01552474), bank_vault (0.0046678046), archive (0.0043527316)",34637
3608,86592,indoor,"clean_room (0.9542224), shower (0.012945643), archive (0.009176867), pharmacy (0.0030930117), chemistry_lab (0.0029634098)",34637
3609,86616,indoor,"clean_room (0.661858), shower (0.17423032), server_room (0.042437375), locker_room (0.017741842), archive (0.01735422)",34637
3610,86640,indoor,"server_room (0.32127738), shower (0.1571512), skyscraper (0.11536156), clean_room (0.10835023), elevator/door (0.06973107)",34637
3611,86664,outdoor,"ice_floe (0.49864992), sky (0.09000886), ocean (0.08416491), aquarium (0.0740001), water_tower (0.043437365)",34637
3612,86688,outdoor,"ice_floe (0.45249605), iceberg (0.08741521), sky (0.0797078), ocean (0.044079423), ice_shelf (0.041249927)",34637
3613,86712,indoor,"museum/indoor (0.58196294), art_gallery (0.16931696), clean_room (0.097261705), ice_floe (0.019015433), shower (0.015739117)",34637
3614,86736,indoor,"museum/indoor (0.5311587), dressing_room (0.114868335), art_gallery (0.055416137), discotheque (0.051016793), nursery (0.04256109)",34637
3615,86760,indoor,"museum/indoor (0.7314259), dressing_room (0.08617485), art_gallery (0.060189467), clean_room (0.055583827), shower (0.014312546)",34637
3616,86784,indoor,"museum/indoor (0.38504425), iceberg (0.16759449), ice_floe (0.15438528), nursery (0.047565233), shower (0.03602669)",34637
3617,86808,indoor,"museum/indoor (0.37063372), iceberg (0.15349987), ice_floe (0.06876609), clean_room (0.035986073), art_gallery (0.035917982)",34637
3618,86832,indoor,"museum/indoor (0.5209066), iceberg (0.057617407), clean_room (0.055106763), art_gallery (0.053616285), nursery (0.05158945)",34637
3619,86856,indoor,"museum/indoor (0.5290104), field/wild (0.0462316), ice_floe (0.04328539), art_gallery (0.033393033), discotheque (0.032489613)",34637
3620,86880,indoor,"museum/indoor (0.6069081), clean_room (0.08321451), art_gallery (0.050692454), shower (0.03029357), beauty_salon (0.027949404)",34637
3621,86904,indoor,"museum/indoor (0.6012364), clean_room (0.08862741), art_gallery (0.08222854), iceberg (0.031288825), shower (0.023815535)",34637
3622,86928,indoor,"museum/indoor (0.55595887), art_gallery (0.101052396), clean_room (0.05939742), shower (0.04493441), iceberg (0.020362891)",34637
3623,86952,indoor,"museum/indoor (0.6064191), art_gallery (0.13711955), clean_room (0.04157234), science_museum (0.027884772), natural_history_museum (0.014401634)",34637
3624,86976,indoor,"museum/indoor (0.6944999), art_gallery (0.06060248), clean_room (0.03732982), shower (0.024201667), nursery (0.017476765)",34637
3625,87000,indoor,"museum/indoor (0.16036414), clean_room (0.12963884), iceberg (0.12032375), art_gallery (0.108010896), science_museum (0.08385465)",34637
3626,87024,indoor,"museum/indoor (0.9075079), art_gallery (0.070321694), clean_room (0.0031690393), natural_history_museum (0.0017930995), shower (0.0017358494)",34637
3627,87048,indoor,"museum/indoor (0.91955656), art_gallery (0.055529173), clean_room (0.0036705763), shower (0.002706801), art_studio (0.0023957966)",34637
3628,87072,indoor,"museum/indoor (0.891386), art_gallery (0.030873897), ice_floe (0.011716516), park (0.009606767), clean_room (0.0060251323)",34637
3629,87096,outdoor,"sky (0.69526), water_tower (0.044961378), hot_spring (0.025120122), ice_floe (0.024815165), desert/sand (0.014180239)",34637
3630,87120,indoor,"shower (0.30511364), skyscraper (0.17918429), tower (0.123253025), elevator/door (0.078515895), server_room (0.0670946)",34637
3631,87144,outdoor,"shower (0.5157835), sky (0.20710617), wind_farm (0.09433782), airfield (0.08044055), ice_floe (0.018876564)",34637
3632,87168,outdoor,"sky (0.79870623), wind_farm (0.055265777), shower (0.024560587), ice_floe (0.013537406), ice_shelf (0.012383127)",34637
3633,87192,outdoor,"sky (0.38713), shower (0.099377364), snowfield (0.08404957), crevasse (0.052202467), glacier (0.0483643)",34637
3634,87216,outdoor,"hot_spring (0.34930056), ice_shelf (0.101234525), crevasse (0.09733317), glacier (0.09539161), iceberg (0.08540408)",34637
3635,87240,outdoor,"sky (0.7390827), hot_spring (0.089182146), volcano (0.038910888), snowfield (0.024094675), glacier (0.021788608)",34637
3636,87264,outdoor,"sky (0.48619285), ice_floe (0.17833473), snowfield (0.12916867), glacier (0.040078677), crevasse (0.032310408)",34637
3637,87288,indoor,"clean_room (0.33410686), entrance_hall (0.22996248), corridor (0.059543125), elevator_lobby (0.04109964), museum/indoor (0.033950746)",34637
3638,87312,indoor,"clean_room (0.78099847), museum/indoor (0.065204196), elevator_lobby (0.031230375), art_gallery (0.02446326), corridor (0.015162657)",34637
3639,87336,indoor,"clean_room (0.19554657), entrance_hall (0.1308985), corridor (0.085029446), museum/indoor (0.07616145), lobby (0.04767264)",34637
3640,87360,indoor,"clean_room (0.32745296), museum/indoor (0.23376758), artists_loft (0.076802105), art_gallery (0.058722917), locker_room (0.03236735)",34637
3641,87384,indoor,"clean_room (0.2661355), museum/indoor (0.23015247), dressing_room (0.09073987), clothing_store (0.05902608), locker_room (0.04497149)",34637
3642,87408,indoor,"clean_room (0.77276415), locker_room (0.032290787), operating_room (0.025865527), hospital_room (0.023182668), museum/indoor (0.01868309)",34637
3643,87432,indoor,"museum/indoor (0.38717782), clean_room (0.37969092), operating_room (0.052976325), stage/indoor (0.016911311), hospital_room (0.014298997)",34637
3644,87456,indoor,"clean_room (0.6450435), operating_room (0.2275553), museum/indoor (0.063425526), hospital_room (0.02491468), locker_room (0.0056650224)",34637
3645,87480,indoor,"clean_room (0.40068588), operating_room (0.31183374), hospital_room (0.07731318), locker_room (0.048634466), museum/indoor (0.024276707)",34637
3646,87504,indoor,"locker_room (0.3132935), dressing_room (0.22378421), clean_room (0.16355298), museum/indoor (0.055764917), clothing_store (0.03660542)",34637
3647,87528,indoor,"clean_room (0.7513926), museum/indoor (0.075295106), operating_room (0.044257503), locker_room (0.023791056), hospital_room (0.018700652)",34637
3648,87552,indoor,"reception (0.26038978), elevator_lobby (0.10311873), elevator/door (0.06225902), artists_loft (0.057639405), clean_room (0.054574754)",34637
3649,87576,indoor,"elevator_lobby (0.21008587), reception (0.18905483), elevator/door (0.10047235), clean_room (0.071776316), lobby (0.06166113)",34637
3650,87600,indoor,"locker_room (0.18142703), elevator_lobby (0.16194783), shower (0.10015254), elevator/door (0.09900909), bathroom (0.06778256)",34637
3651,87624,indoor,"elevator_lobby (0.21479402), locker_room (0.07858135), shower (0.07850151), elevator/door (0.07799069), lobby (0.06323895)",34637
3652,87648,indoor,"elevator_lobby (0.25786763), locker_room (0.1590673), elevator/door (0.13337345), shower (0.058054563), dressing_room (0.044984277)",34637
3653,87672,indoor,"elevator_lobby (0.2292891), clean_room (0.10205006), elevator/door (0.08306776), corridor (0.082800664), shower (0.05745716)",34637
3654,87696,indoor,"entrance_hall (0.59211427), corridor (0.1525185), dining_room (0.067073226), clean_room (0.030261954), dressing_room (0.029372463)",34637
3655,87720,indoor,"entrance_hall (0.29302624), dressing_room (0.1724167), dining_room (0.1260135), gymnasium/indoor (0.10686227), corridor (0.07481984)",34637
3656,87744,indoor,"entrance_hall (0.361703), dressing_room (0.17878655), dining_room (0.10162013), corridor (0.060898244), museum/indoor (0.03443469)",34637
3657,87768,indoor,"entrance_hall (0.52139205), corridor (0.08918052), dining_room (0.07714383), dressing_room (0.06612201), museum/indoor (0.039792094)",34637
3658,87792,indoor,"entrance_hall (0.42374343), corridor (0.15180865), gymnasium/indoor (0.11745997), dining_room (0.053629696), dressing_room (0.047669)",34637
3659,87816,indoor,"entrance_hall (0.38263556), gymnasium/indoor (0.09643609), corridor (0.08579952), dining_room (0.08243646), dressing_room (0.07130941)",34637
3660,87840,indoor,"entrance_hall (0.22709076), dressing_room (0.1526473), clean_room (0.15219624), museum/indoor (0.099278174), music_studio (0.060861982)",34637
3661,87864,indoor,"museum/indoor (0.37385255), entrance_hall (0.25393003), clean_room (0.08612954), dressing_room (0.06465093), dining_room (0.04393436)",34637
3662,87888,indoor,"entrance_hall (0.2655062), museum/indoor (0.19804002), dressing_room (0.08484575), gymnasium/indoor (0.06642024), science_museum (0.049703166)",34637
3663,87912,indoor,"clean_room (0.5920539), dressing_room (0.11297499), operating_room (0.056010906), entrance_hall (0.023331255), beauty_salon (0.023035962)",34637
3664,87936,indoor,"clean_room (0.98279124), operating_room (0.006512123), museum/indoor (0.0027229253), hospital_room (0.00180226), dressing_room (0.0007558259)",34637
3665,87960,indoor,"clean_room (0.9648569), dressing_room (0.015394024), locker_room (0.015063013), operating_room (0.0019603844), hospital_room (0.00037807025)",34637
3666,87984,indoor,"clean_room (0.9993544), operating_room (0.00040456755), hospital_room (6.052102e-05), dressing_room (5.0055067e-05), archive (3.4450608e-05)",34637
3667,88008,indoor,"clean_room (0.98930943), operating_room (0.004641202), hospital_room (0.0013285426), airplane_cabin (0.0010771689), train_interior (0.0007634725)",34637
3668,88032,indoor,"clean_room (0.99233633), operating_room (0.004633733), dressing_room (0.0016351414), hospital_room (0.00083944685), locker_room (0.0001578711)",34637
3669,88056,indoor,"clean_room (0.9932017), operating_room (0.004532877), hospital_room (0.0007721408), dressing_room (0.00064578734), archive (0.00015329494)",34637
3670,88080,indoor,"clean_room (0.9795899), operating_room (0.010378401), dressing_room (0.0055321497), hospital_room (0.0017943413), biology_laboratory (0.00052755856)",34637
3671,88104,indoor,"clean_room (0.9411563), dressing_room (0.0432929), operating_room (0.0054980097), locker_room (0.0021764168), biology_laboratory (0.0018357214)",34637
3672,88128,indoor,"clean_room (0.76982707), dressing_room (0.21492863), locker_room (0.0060143457), operating_room (0.0036183475), clothing_store (0.001054404)",34637
3673,88152,indoor,"dressing_room (0.49506226), clean_room (0.4495967), operating_room (0.01292819), locker_room (0.008093512), hospital_room (0.005183321)",34637
3674,88176,indoor,"clean_room (0.7997728), biology_laboratory (0.066352166), chemistry_lab (0.045015264), dressing_room (0.03304272), restaurant (0.009339587)",34637
3675,88200,indoor,"restaurant (0.5579283), cafeteria (0.073323354), dressing_room (0.07332329), coffee_shop (0.03857077), beauty_salon (0.034386456)",34637
3676,88224,indoor,"restaurant (0.5083661), cafeteria (0.0796694), operating_room (0.061937165), clean_room (0.036696974), bar (0.027613502)",34637
3677,88248,indoor,"banquet_hall (0.27865905), restaurant (0.23660336), dining_hall (0.17538404), cafeteria (0.10789168), dining_room (0.073643126)",34637
3678,88272,indoor,"clean_room (0.40248844), operating_room (0.24382076), banquet_hall (0.094360635), hospital_room (0.07256177), restaurant (0.039565727)",34637
3679,88296,indoor,"clean_room (0.34387922), operating_room (0.18979262), hospital_room (0.16486262), dressing_room (0.13012746), nursing_home (0.051530574)",34637
3680,88320,indoor,"dressing_room (0.4813367), clean_room (0.42901996), operating_room (0.023392763), beauty_salon (0.018224034), hospital_room (0.017101783)",34637
3681,88344,indoor,"dressing_room (0.6475825), beauty_salon (0.13028915), hospital_room (0.080028966), operating_room (0.06411171), clean_room (0.017202327)",34637
3682,88368,indoor,"clean_room (0.30890146), hospital_room (0.13895622), operating_room (0.09804083), nursing_home (0.06701085), restaurant (0.05763314)",34637
3683,88392,indoor,"dressing_room (0.37657234), hospital_room (0.31126517), clean_room (0.11152432), nursing_home (0.045878436), operating_room (0.0382102)",34637
3684,88416,indoor,"hospital_room (0.4015792), clean_room (0.19636917), nursing_home (0.1547495), operating_room (0.122554064), dressing_room (0.08212995)",34637
3685,88440,indoor,"dressing_room (0.96732616), beauty_salon (0.019937027), shower (0.0036331923), bar (0.0023508244), chemistry_lab (0.0013399397)",34637
3686,88464,indoor,"dressing_room (0.998728), beauty_salon (0.00047483883), shower (0.00017003666), clean_room (0.00015462612), chemistry_lab (0.00011184784)",34637
3687,88488,indoor,"dressing_room (0.99607396), clean_room (0.0014980908), beauty_salon (0.0006410999), shower (0.00060309964), chemistry_lab (0.00032155833)",34637
3688,88512,indoor,"dressing_room (0.9962896), shower (0.0006588065), bar (0.0005830432), bathroom (0.00042415233), beauty_salon (0.000356366)",34637
3689,88536,indoor,"dressing_room (0.9816352), bar (0.0077880225), restaurant (0.00400843), shower (0.0010153996), banquet_hall (0.0006790357)",34637
3690,88560,indoor,"dressing_room (0.9749018), bar (0.0078644855), restaurant (0.004580062), banquet_hall (0.002613892), chemistry_lab (0.0011567725)",34637
3691,88584,indoor,"dressing_room (0.87957305), banquet_hall (0.034190953), restaurant (0.026418174), bar (0.017030474), dining_hall (0.008838042)",34637
3692,88608,indoor,"dressing_room (0.92055285), banquet_hall (0.019390183), restaurant (0.012381805), clean_room (0.008327954), bar (0.00795229)",34637
3693,88632,indoor,"dressing_room (0.9307267), banquet_hall (0.015565955), bar (0.008061038), restaurant (0.008059247), clean_room (0.0075151105)",34637
3694,88656,indoor,"dressing_room (0.94843864), restaurant (0.014634653), bar (0.010145697), banquet_hall (0.007872083), dining_hall (0.0029192031)",34637
3695,88680,indoor,"dressing_room (0.9653558), restaurant (0.006496432), bar (0.0050620376), banquet_hall (0.004816219), ice_cream_parlor (0.0030978664)",34637
3696,88704,indoor,"dressing_room (0.96677077), banquet_hall (0.0073445137), bar (0.0057708477), museum/indoor (0.00342997), restaurant (0.0031160705)",34637
3697,88728,indoor,"dressing_room (0.9937791), shower (0.0014444246), bathroom (0.0013993743), locker_room (0.00081038784), clean_room (0.00057143543)",34637
3698,88752,outdoor,"sky (0.5851937), airfield (0.08771266), ice_floe (0.08311439), runway (0.042255268), iceberg (0.031338893)",34637
3699,88776,outdoor,"sky (0.7601744), airfield (0.09138083), runway (0.053134784), iceberg (0.024125643), ice_floe (0.023185566)",34637
3700,88800,outdoor,"sky (0.5267798), airfield (0.24905252), runway (0.16945514), iceberg (0.0104226535), wind_farm (0.008517542)",34637
3701,88824,outdoor,"sky (0.43602553), airfield (0.2784125), runway (0.22479396), landing_deck (0.014178718), wind_farm (0.013761201)",34637
3702,88848,outdoor,"sky (0.7982484), runway (0.07045824), airfield (0.056364708), wind_farm (0.041273892), windmill (0.0070692697)",34637
3703,88872,indoor,"museum/indoor (0.24611782), clean_room (0.10032565), discotheque (0.07480144), dressing_room (0.059126467), locker_room (0.051831406)",34637
3704,88896,indoor,"clean_room (0.7396117), museum/indoor (0.04211816), conference_room (0.040314168), locker_room (0.021055806), dressing_room (0.019375663)",34637
3705,88920,indoor,"clean_room (0.5905047), museum/indoor (0.104503185), locker_room (0.05654941), dressing_room (0.048388924), archive (0.018694498)",34637
3706,88944,outdoor,"ice_floe (0.2838424), iceberg (0.19795446), wind_farm (0.14727023), ice_shelf (0.09371294), sky (0.0851662)",34637
3707,88968,outdoor,"ice_floe (0.2939491), runway (0.19310424), wind_farm (0.13648032), iceberg (0.102313735), ice_shelf (0.072679974)",34637
3708,88992,outdoor,"ice_floe (0.52824795), sky (0.1316577), iceberg (0.09326069), ice_shelf (0.072992586), runway (0.05940523)",34637
3709,89016,outdoor,"ice_floe (0.47562444), iceberg (0.14450234), sky (0.11652055), ice_shelf (0.09134384), runway (0.052391406)",34637
3710,89040,outdoor,"iceberg (0.23503105), ice_floe (0.18898176), runway (0.17816678), sky (0.15670261), ice_shelf (0.060579997)",34637
3711,89064,indoor,"bathroom (0.46058914), shower (0.42428425), locker_room (0.0077825775), bow_window/indoor (0.007136884), restaurant (0.0065826327)",34637
3712,89088,indoor,"clean_room (0.7101013), dressing_room (0.083394624), locker_room (0.08159046), shower (0.057141587), bathroom (0.037100982)",34637
3713,89112,indoor,"museum/indoor (0.38952896), clean_room (0.34574094), physics_laboratory (0.07236219), dressing_room (0.054330863), art_gallery (0.014031421)",34637
3714,89136,indoor,"clean_room (0.906057), bathroom (0.016804712), operating_room (0.014819234), shower (0.0143593345), museum/indoor (0.013152284)",34637
3715,89160,indoor,"clean_room (0.7085285), dressing_room (0.21790887), museum/indoor (0.022585897), archive (0.016481748), art_gallery (0.0069067604)",34637
3716,89184,indoor,"clean_room (0.9058496), museum/indoor (0.03645772), art_gallery (0.016874455), operating_room (0.0060720984), dressing_room (0.0050995164)",34637
3717,89208,indoor,"clean_room (0.90826976), art_gallery (0.023923581), art_studio (0.015649077), museum/indoor (0.013225358), operating_room (0.012337069)",34637
3718,89232,indoor,"clean_room (0.8256028), operating_room (0.046110082), biology_laboratory (0.031568285), hospital_room (0.016380377), chemistry_lab (0.010592067)",34637
3719,89256,indoor,"clean_room (0.98580694), dressing_room (0.004752611), operating_room (0.002675111), museum/indoor (0.0012227023), art_gallery (0.00092019676)",34637
3720,89280,indoor,"clean_room (0.8941966), museum/indoor (0.0435166), dressing_room (0.022567566), art_gallery (0.011803823), operating_room (0.00434945)",34637
3721,89304,indoor,"clean_room (0.935042), museum/indoor (0.030704431), dressing_room (0.015302204), operating_room (0.008796087), physics_laboratory (0.0025688873)",34637
3722,89328,indoor,"clean_room (0.93508995), dressing_room (0.03957719), museum/indoor (0.01899003), operating_room (0.0029348496), locker_room (0.0011435243)",34637
3723,89352,indoor,"clean_room (0.5434566), museum/indoor (0.30826533), dressing_room (0.08618287), operating_room (0.030858548), locker_room (0.0050430577)",34637
3724,89376,indoor,"clean_room (0.91754586), operating_room (0.06672898), dressing_room (0.0061229253), museum/indoor (0.0030930382), hospital_room (0.00225171)",34637
3725,89400,indoor,"clean_room (0.87494355), operating_room (0.08385487), physics_laboratory (0.010716976), museum/indoor (0.00859026), archive (0.00847717)",34637
3726,89424,indoor,"clean_room (0.9047127), operating_room (0.07079975), physics_laboratory (0.011565052), archive (0.0066893175), museum/indoor (0.0031174237)",34637
3727,89448,indoor,"clean_room (0.89684594), operating_room (0.044445705), physics_laboratory (0.03139289), dressing_room (0.005815337), archive (0.0047375164)",34637
3728,89472,indoor,"clean_room (0.42356825), operating_room (0.15930533), archive (0.12908728), dressing_room (0.08990731), music_studio (0.056981817)",34637
3729,89496,indoor,"clean_room (0.5796771), operating_room (0.17911516), dressing_room (0.16952978), museum/indoor (0.014433824), music_studio (0.01268679)",34637
3730,89520,indoor,"clean_room (0.81773174), operating_room (0.14055309), museum/indoor (0.010116723), archive (0.007812589), physics_laboratory (0.0072826482)",34637
3731,89544,indoor,"clean_room (0.7815169), operating_room (0.12687224), physics_laboratory (0.030840337), museum/indoor (0.020536376), dressing_room (0.017033536)",34637
3732,89568,indoor,"clean_room (0.9030902), operating_room (0.074931055), physics_laboratory (0.007845876), museum/indoor (0.0076184864), archive (0.0027384027)",34637
3733,89592,indoor,"operating_room (0.55435205), clean_room (0.31808937), museum/indoor (0.0607635), physics_laboratory (0.029086579), hospital_room (0.008797582)",34637
3734,89616,indoor,"clean_room (0.9351249), operating_room (0.04486391), physics_laboratory (0.014899977), museum/indoor (0.0028250753), chemistry_lab (0.00067655375)",34637
3735,89640,indoor,"clean_room (0.95699495), operating_room (0.03423573), physics_laboratory (0.005305075), museum/indoor (0.00099136), hospital_room (0.0006465992)",34637
3736,89664,indoor,"clean_room (0.9453832), operating_room (0.043263458), dressing_room (0.0033361642), physics_laboratory (0.0032395434), museum/indoor (0.0017064243)",34637
3737,89688,indoor,"clean_room (0.9305524), operating_room (0.04579566), dressing_room (0.018589964), physics_laboratory (0.0011149703), hospital_room (0.0010554092)",34637
3738,89712,indoor,"clean_room (0.9778381), operating_room (0.020565942), dressing_room (0.0008337106), hospital_room (0.00030062275), museum/indoor (0.00017984043)",34637
3739,89736,indoor,"clean_room (0.93324476), operating_room (0.033750847), dressing_room (0.016707817), museum/indoor (0.0136576975), hospital_room (0.0007232166)",34637
3740,89760,indoor,"clean_room (0.45451376), dressing_room (0.24167354), beauty_salon (0.048604883), nursery (0.038909055), operating_room (0.03585277)",34637
3741,89784,indoor,"clean_room (0.6398942), operating_room (0.07562347), dressing_room (0.05880447), nursing_home (0.05570745), museum/indoor (0.0362486)",34637
3742,89808,indoor,"clean_room (0.6703433), beauty_salon (0.11137526), dressing_room (0.07742083), operating_room (0.03664359), nursing_home (0.036639225)",34637
3743,89832,indoor,"clean_room (0.76547676), nursing_home (0.044565693), operating_room (0.043954086), dressing_room (0.042934828), hospital_room (0.017440014)",34637
3744,89856,indoor,"clean_room (0.7143911), operating_room (0.17966685), beauty_salon (0.023593223), nursing_home (0.021830283), hospital_room (0.018341176)",34637
3745,89880,indoor,"dressing_room (0.30931032), clean_room (0.20881015), museum/indoor (0.19861667), beauty_salon (0.08025757), operating_room (0.02917412)",34637
3746,89904,indoor,"clean_room (0.55087465), museum/indoor (0.07390632), nursery (0.06275573), operating_room (0.053231303), dressing_room (0.047969002)",34637
3747,89928,indoor,"clean_room (0.43672934), dressing_room (0.26366556), operating_room (0.08220822), beauty_salon (0.07074867), hospital_room (0.028032348)",34637
3748,89952,indoor,"clean_room (0.5048292), dressing_room (0.2445818), beauty_salon (0.05873093), operating_room (0.05096907), nursing_home (0.0362598)",34637
3749,89976,indoor,"clean_room (0.5955384), dressing_room (0.1435561), beauty_salon (0.07202926), operating_room (0.060866278), nursing_home (0.051852737)",34637
3750,90000,indoor,"clean_room (0.83964723), dressing_room (0.046191122), operating_room (0.03714337), beauty_salon (0.023367949), nursing_home (0.010661094)",34637
3751,90024,indoor,"dressing_room (0.7448518), clean_room (0.12029751), beauty_salon (0.07914963), nursing_home (0.0146842385), operating_room (0.0115745105)",34637
3752,90048,indoor,"clean_room (0.3244433), dressing_room (0.26656565), nursing_home (0.124601856), beauty_salon (0.06193178), museum/indoor (0.052697387)",34637
3753,90072,indoor,"nursing_home (0.26651755), clean_room (0.21490164), dressing_room (0.16644236), beauty_salon (0.085420445), operating_room (0.07065043)",34637
3754,90096,indoor,"dressing_room (0.38293642), clean_room (0.21653783), nursing_home (0.09702853), operating_room (0.06348424), beauty_salon (0.049165342)",34637
3755,90120,indoor,"dressing_room (0.83137643), discotheque (0.042641003), bar (0.021587782), music_studio (0.01050008), chemistry_lab (0.008171012)",34637
3756,90144,indoor,"dressing_room (0.5771276), discotheque (0.12838401), bar (0.08480317), slum (0.026448969), pub/indoor (0.02138127)",34637
3757,90168,indoor,"dressing_room (0.56119347), discotheque (0.14683425), bar (0.06872539), music_studio (0.031051213), slum (0.030201301)",34637
3758,90192,indoor,"dressing_room (0.38367125), discotheque (0.22902235), bar (0.123557255), slum (0.037472557), music_studio (0.028599225)",34637
3759,90216,indoor,"museum/indoor (0.24924293), clean_room (0.19278139), archive (0.1339245), art_studio (0.10607371), dressing_room (0.09168611)",34637
3760,90240,indoor,"art_studio (0.2143607), museum/indoor (0.15852582), archive (0.12189375), dressing_room (0.09912094), clean_room (0.096854545)",34637
3761,90264,indoor,"clean_room (0.2975334), dressing_room (0.14639583), archive (0.12040402), art_studio (0.08291868), museum/indoor (0.075112164)",34637
3762,90288,indoor,"clean_room (0.45994875), dressing_room (0.16087897), archive (0.05762976), hospital_room (0.051946063), biology_laboratory (0.02448988)",34637
3763,90312,indoor,"clean_room (0.7030257), dressing_room (0.062843114), hospital_room (0.039751437), archive (0.03168898), operating_room (0.028071696)",34637
3764,90336,indoor,"clean_room (0.55136406), dressing_room (0.15798382), archive (0.040396616), hospital_room (0.034305613), beauty_salon (0.025384039)",34637
3765,90360,indoor,"clean_room (0.46954462), dressing_room (0.27324402), hospital_room (0.04150723), beauty_salon (0.03163491), archive (0.024369216)",34637
3766,90384,indoor,"clean_room (0.5578346), dressing_room (0.14656372), hospital_room (0.058000278), archive (0.030880779), operating_room (0.030049715)",34637
3767,90408,indoor,"dressing_room (0.73308796), discotheque (0.101330906), bar (0.047126707), slum (0.01523766), basement (0.014376989)",34637
3768,90432,indoor,"dressing_room (0.65301216), discotheque (0.118323), bar (0.08023034), pub/indoor (0.023458418), slum (0.016217047)",34637
3769,90456,indoor,"dressing_room (0.4798136), discotheque (0.2228871), bar (0.10414797), stage/indoor (0.026393585), music_studio (0.018010976)",34637
3770,90480,indoor,"dressing_room (0.80088043), discotheque (0.044985916), bar (0.037062876), pub/indoor (0.012060932), art_gallery (0.010681353)",34637
3771,90504,indoor,"dressing_room (0.81854206), discotheque (0.05749096), bar (0.045950454), pub/indoor (0.01832477), music_studio (0.006797922)",34637
3772,90528,indoor,"dressing_room (0.77129847), bar (0.06386563), discotheque (0.04556378), pub/indoor (0.018689021), music_studio (0.0093830135)",34637
3773,90552,indoor,"dressing_room (0.7835301), discotheque (0.08817218), bar (0.03422015), slum (0.011048496), music_studio (0.009635584)",34637
3774,90576,indoor,"dressing_room (0.8257318), discotheque (0.121142335), stage/indoor (0.0053118826), beauty_salon (0.0050950805), museum/indoor (0.0045341053)",34637
3775,90600,indoor,"dressing_room (0.57817227), discotheque (0.22225425), bar (0.021995744), stage/indoor (0.015679479), museum/indoor (0.014484105)",34637
3776,90624,indoor,"dressing_room (0.63087344), discotheque (0.13554937), museum/indoor (0.038791973), art_gallery (0.025072223), bowling_alley (0.019589094)",34637
3777,90648,indoor,"dressing_room (0.7398252), discotheque (0.089505315), museum/indoor (0.045094993), stage/indoor (0.016811267), bowling_alley (0.012355693)",34637
3778,90672,indoor,"discotheque (0.27078986), dressing_room (0.25076184), bar (0.12133628), slum (0.052474566), stage/indoor (0.039722286)",34637
3779,90696,indoor,"dressing_room (0.735926), discotheque (0.13940994), bar (0.037266098), stage/indoor (0.0190303), music_studio (0.015946757)",34637
3780,90720,indoor,"museum/indoor (0.56947446), clean_room (0.12628283), art_gallery (0.079904206), stage/indoor (0.0206102), schoolhouse (0.014147436)",34637
3781,90744,indoor,"museum/indoor (0.32752287), discotheque (0.12001753), coffee_shop (0.06781239), art_gallery (0.05338433), stage/indoor (0.05335791)",34637
3782,90768,indoor,"museum/indoor (0.3956059), discotheque (0.08343181), stage/indoor (0.07285989), coffee_shop (0.054804016), bookstore (0.05218339)",34637
3783,90792,indoor,"museum/indoor (0.8559304), art_gallery (0.09739759), dressing_room (0.03329835), science_museum (0.0032075017), discotheque (0.0030551401)",34637
3784,90816,indoor,"museum/indoor (0.8443419), art_gallery (0.10642556), dressing_room (0.034465656), discotheque (0.004804005), science_museum (0.0028822946)",34637
3785,90840,indoor,"dressing_room (0.9404624), discotheque (0.024764229), bar (0.0072457865), music_studio (0.0070608947), stage/indoor (0.0035823677)",34637
3786,90864,indoor,"dressing_room (0.8466317), discotheque (0.06563207), bar (0.027514178), music_studio (0.017872617), stage/indoor (0.00995525)",34637
3787,90888,indoor,"dressing_room (0.75385636), discotheque (0.090273626), bar (0.041627076), pub/indoor (0.014461644), music_studio (0.012134271)",34637
3788,90912,indoor,"dressing_room (0.6854645), discotheque (0.112337925), bar (0.052687116), stage/indoor (0.021151964), music_studio (0.017763376)",34637
3789,90936,indoor,"dressing_room (0.7340546), discotheque (0.09159583), bar (0.048679452), pub/indoor (0.016827796), music_studio (0.012292333)",34637
3790,90960,indoor,"clean_room (0.5734297), museum/indoor (0.13181601), dressing_room (0.121868975), archive (0.043202814), art_gallery (0.016472548)",34637
3791,90984,indoor,"clean_room (0.4925784), dressing_room (0.117489144), museum/indoor (0.09976244), art_gallery (0.04657631), hospital_room (0.03554525)",34637
3792,91008,indoor,"clean_room (0.69149286), dressing_room (0.095776066), art_gallery (0.057682764), museum/indoor (0.0568322), art_studio (0.018167712)",34637
3793,91032,indoor,"clean_room (0.8394576), dressing_room (0.063782185), hospital_room (0.023959186), operating_room (0.020279769), beauty_salon (0.008512965)",34637
3794,91056,indoor,"clean_room (0.6778212), dressing_room (0.20367573), hospital_room (0.03520582), operating_room (0.015970394), beauty_salon (0.012822136)",34637
3795,91080,indoor,"clean_room (0.75755244), dressing_room (0.12183141), hospital_room (0.02124353), museum/indoor (0.01505477), operating_room (0.012178651)",34637
3796,91104,indoor,"clean_room (0.69489884), dressing_room (0.14048478), hospital_room (0.038052827), operating_room (0.029557075), biology_laboratory (0.015756724)",34637
3797,91128,indoor,"clean_room (0.43341735), dressing_room (0.36597535), hospital_room (0.039875172), beauty_salon (0.02934043), operating_room (0.023821726)",34637
3798,91152,indoor,"clean_room (0.568625), dressing_room (0.18459387), hospital_room (0.065842584), operating_room (0.060539365), beauty_salon (0.02770127)",34637
3799,91176,indoor,"dressing_room (0.5441031), clean_room (0.24702998), hospital_room (0.05695833), beauty_salon (0.041927606), operating_room (0.02119293)",34637
3800,91200,indoor,"dressing_room (0.6120664), clean_room (0.20685008), beauty_salon (0.042193606), hospital_room (0.040243227), operating_room (0.0135470005)",34637
3801,91224,indoor,"clean_room (0.41411453), dressing_room (0.22318465), hospital_room (0.10323778), operating_room (0.06647751), biology_laboratory (0.028215885)",34637
3802,91248,indoor,"clean_room (0.47793466), dressing_room (0.23151205), hospital_room (0.06585596), biology_laboratory (0.042118154), operating_room (0.035725653)",34637
3803,91272,indoor,"clean_room (0.6135114), dressing_room (0.09910367), hospital_room (0.05304642), operating_room (0.035943154), biology_laboratory (0.03139146)",34637
3804,91296,indoor,"clean_room (0.7154521), dressing_room (0.048479643), archive (0.03352589), hospital_room (0.030861447), operating_room (0.023164602)",34637
3805,91320,indoor,"clean_room (0.67229813), dressing_room (0.07717648), hospital_room (0.05977596), operating_room (0.0332422), archive (0.026357833)",34637
3806,91344,indoor,"clean_room (0.75887936), dressing_room (0.058732457), hospital_room (0.048848215), operating_room (0.034353383), archive (0.013862289)",34637
3807,91368,indoor,"clean_room (0.6926913), dressing_room (0.070697375), hospital_room (0.060057327), operating_room (0.038945068), biology_laboratory (0.024168884)",34637
3808,91392,indoor,"clean_room (0.7252839), dressing_room (0.08490275), hospital_room (0.04833191), operating_room (0.03256262), biology_laboratory (0.017281609)",34637
3809,91416,indoor,"clean_room (0.6216055), dressing_room (0.09168314), hospital_room (0.0783064), operating_room (0.0436767), biology_laboratory (0.027651832)",34637
3810,91440,indoor,"clean_room (0.7257615), dressing_room (0.08045265), hospital_room (0.0478176), operating_room (0.028673368), biology_laboratory (0.022392344)",34637
3811,91464,indoor,"clean_room (0.7088159), hospital_room (0.074421704), dressing_room (0.06779903), operating_room (0.048587926), biology_laboratory (0.021214778)",34637
3812,91488,indoor,"clean_room (0.6358211), dressing_room (0.09717871), hospital_room (0.0735239), operating_room (0.040592376), biology_laboratory (0.030934254)",34637
3813,91512,indoor,"clean_room (0.57817984), dressing_room (0.14004248), hospital_room (0.09177371), operating_room (0.04493112), art_gallery (0.023828605)",34637
3814,91536,indoor,"clean_room (0.7913901), dressing_room (0.07716504), hospital_room (0.048698805), operating_room (0.035939906), biology_laboratory (0.0065248325)",34637
3815,91560,indoor,"clean_room (0.6154545), dressing_room (0.25463223), hospital_room (0.034134947), operating_room (0.02177529), beauty_salon (0.010630772)",34637
3816,91584,indoor,"clean_room (0.7192666), dressing_room (0.06689769), hospital_room (0.031351563), art_gallery (0.021149557), operating_room (0.020415224)",34637
3817,91608,indoor,"clean_room (0.57083267), dressing_room (0.20278685), hospital_room (0.06002388), operating_room (0.03957915), beauty_salon (0.024145061)",34637
3818,91632,indoor,"dressing_room (0.34952277), clean_room (0.34263), beauty_salon (0.14073756), hospital_room (0.031996578), operating_room (0.031720765)",34637
3819,91656,indoor,"dressing_room (0.31586218), beauty_salon (0.18138784), clean_room (0.16228689), biology_laboratory (0.07291921), chemistry_lab (0.0712403)",34637
3820,91680,indoor,"dressing_room (0.56828177), clean_room (0.1512538), art_gallery (0.05280664), art_studio (0.032411277), chemistry_lab (0.02925544)",34637
3821,91704,indoor,"dressing_room (0.21568023), clean_room (0.15609592), art_gallery (0.13024405), art_studio (0.0882712), hospital_room (0.07532571)",34637
3822,91728,indoor,"dressing_room (0.34395093), clean_room (0.13403526), art_gallery (0.091972806), art_studio (0.0809536), hospital_room (0.07529)",34637
3823,91752,indoor,"dressing_room (0.35230604), clean_room (0.09823451), art_studio (0.07121493), art_gallery (0.057964224), archive (0.039363362)",34637
3824,91776,indoor,"dressing_room (0.9368786), beauty_salon (0.02580524), clean_room (0.02072928), locker_room (0.006401429), bathroom (0.0028056302)",34637
3825,91800,indoor,"dressing_room (0.9389937), elevator/door (0.011844153), beauty_salon (0.011229476), clean_room (0.010583689), locker_room (0.007617506)",34637
3826,91824,indoor,"dressing_room (0.9273121), clean_room (0.05732168), beauty_salon (0.004661973), elevator/door (0.0015393081), discotheque (0.0014953531)",34637
3827,91848,indoor,"dressing_room (0.8733596), discotheque (0.07898929), clean_room (0.016019603), beauty_salon (0.006287754), music_studio (0.0049846885)",34637
3828,91872,indoor,"dressing_room (0.9106486), discotheque (0.077050574), shower (0.0025144445), locker_room (0.0015411738), elevator/door (0.0013638269)",34637
3829,91896,indoor,"dressing_room (0.8015903), discotheque (0.07141335), bar (0.03153332), stage/indoor (0.011098892), music_studio (0.0073487028)",34637
3830,91920,indoor,"dressing_room (0.92042416), discotheque (0.040615935), bar (0.013894558), stage/indoor (0.0031928646), pub/indoor (0.0024917922)",34637
3831,91944,indoor,"museum/indoor (0.82675064), art_gallery (0.12978975), dressing_room (0.031089827), science_museum (0.0046616215), natural_history_museum (0.0019866987)",34637
3832,91968,indoor,"museum/indoor (0.8279621), art_gallery (0.10519331), dressing_room (0.05134703), science_museum (0.0048820656), discotheque (0.0024747166)",34637
3833,91992,indoor,"museum/indoor (0.29482755), sauna (0.076405264), bookstore (0.058297798), discotheque (0.058085285), coffee_shop (0.053297833)",34637
3834,92016,indoor,"bowling_alley (0.21661994), coffee_shop (0.11926528), discotheque (0.095652014), bar (0.08994866), bookstore (0.06240472)",34637
3835,92040,indoor,"bowling_alley (0.35397935), coffee_shop (0.06677596), museum/indoor (0.05966871), bookstore (0.05446726), discotheque (0.046070408)",34637
3836,92064,indoor,"dressing_room (0.5251867), artists_loft (0.173209), museum/indoor (0.0751294), art_gallery (0.074090354), art_studio (0.05464617)",34637
3837,92088,indoor,"dressing_room (0.45903718), art_studio (0.14058068), classroom (0.047680788), art_school (0.044663884), reception (0.035539582)",34637
3838,92112,indoor,"dressing_room (0.19125138), art_studio (0.15853937), chemistry_lab (0.14917545), biology_laboratory (0.0692806), jewelry_shop (0.06278248)",34637
3839,92136,indoor,"dressing_room (0.21837802), chemistry_lab (0.121165134), clean_room (0.10666417), art_studio (0.08888494), reception (0.06450633)",34637
3840,92160,indoor,"chemistry_lab (0.22469147), dressing_room (0.16314197), clean_room (0.12633328), biology_laboratory (0.10535708), hospital_room (0.06568369)",34637
3841,92184,indoor,"clean_room (0.24513641), chemistry_lab (0.19502419), biology_laboratory (0.10758259), dressing_room (0.09148117), art_studio (0.056495585)",34637
3842,92208,indoor,"dressing_room (0.64883935), beauty_salon (0.061539203), art_studio (0.04820094), clothing_store (0.03272352), jewelry_shop (0.023224732)",34637
3843,92232,indoor,"dressing_room (0.8004962), art_studio (0.13414377), art_school (0.027280653), art_gallery (0.019438937), artists_loft (0.004581829)",34637
3844,92256,indoor,"dressing_room (0.8921886), museum/indoor (0.02546291), nursery (0.016531277), bedroom (0.015201494), art_studio (0.011840494)",34637
3845,92280,indoor,"art_studio (0.24456249), art_school (0.1385009), art_gallery (0.12308873), dressing_room (0.11747247), museum/indoor (0.06741433)",34637
3846,92304,indoor,"clean_room (0.30853006), dressing_room (0.29472056), beauty_salon (0.103665926), hospital_room (0.048908394), art_studio (0.04747005)",34637
3847,92328,indoor,"dressing_room (0.35512057), clean_room (0.13630694), beauty_salon (0.11405795), art_studio (0.086945154), art_gallery (0.05713357)",34637
3848,92352,indoor,"dressing_room (0.30154496), clean_room (0.12945104), art_studio (0.08167365), archive (0.07042173), hospital_room (0.067609176)",34637
3849,92376,indoor,"dressing_room (0.29014772), clean_room (0.13506615), art_studio (0.095011964), archive (0.076308735), art_gallery (0.06284335)",34637
3850,92400,indoor,"dressing_room (0.31080347), clean_room (0.2088834), archive (0.078188054), art_studio (0.07727344), art_gallery (0.04694449)",34637
3851,92424,indoor,"dressing_room (0.31621855), clean_room (0.1811922), hospital_room (0.06649029), art_studio (0.06328932), beauty_salon (0.058964014)",34637
3852,92448,indoor,"clean_room (0.20320593), dressing_room (0.18462063), art_studio (0.11474905), archive (0.06391969), hospital_room (0.06328662)",34637
3853,92472,indoor,"clean_room (0.28088653), dressing_room (0.14394493), art_studio (0.09770567), art_gallery (0.06798868), archive (0.055694535)",34637
3854,92496,indoor,"art_gallery (0.22608605), art_studio (0.22305518), art_school (0.094200134), museum/indoor (0.06482083), clean_room (0.05766819)",34637
3855,92520,indoor,"art_gallery (0.19503044), museum/indoor (0.11225597), art_studio (0.1058277), clean_room (0.08475219), dressing_room (0.056060933)",34637
3856,92544,indoor,"dressing_room (0.58041203), clean_room (0.08034906), beauty_salon (0.055189826), hospital_room (0.042056173), chemistry_lab (0.026053352)",34637
3857,92568,indoor,"dressing_room (0.6762473), clean_room (0.119443424), beauty_salon (0.04288525), hospital_room (0.017401729), nursery (0.015660368)",34637
3858,92592,indoor,"dressing_room (0.56220806), clean_room (0.29086578), hospital_room (0.05016892), beauty_salon (0.018825874), operating_room (0.01669823)",34637
3859,92616,indoor,"dressing_room (0.4956544), clean_room (0.25415966), hospital_room (0.09975975), art_studio (0.024030318), operating_room (0.022213394)",34637
3860,92640,indoor,"dressing_room (0.4889388), clean_room (0.24394459), hospital_room (0.03926363), beauty_salon (0.03184937), art_studio (0.026545838)",34637
3861,92664,indoor,"clean_room (0.46240145), dressing_room (0.41869053), art_studio (0.019664666), art_gallery (0.019472266), museum/indoor (0.013146788)",34637
3862,92688,indoor,"clean_room (0.4574974), dressing_room (0.4411095), beauty_salon (0.019128734), hospital_room (0.017391596), operating_room (0.014939557)",34637
3863,92712,indoor,"clean_room (0.54544115), dressing_room (0.3575463), hospital_room (0.017943025), operating_room (0.014460119), beauty_salon (0.012687789)",34637
3864,92736,indoor,"clean_room (0.48237187), dressing_room (0.35829028), hospital_room (0.023929669), art_studio (0.021332705), operating_room (0.016794223)",34637
3865,92760,indoor,"clean_room (0.45125818), dressing_room (0.3142626), art_studio (0.031068472), beauty_salon (0.021337168), hospital_room (0.019761018)",34637
3866,92784,indoor,"clean_room (0.463801), dressing_room (0.37638277), hospital_room (0.023491817), beauty_salon (0.019292336), operating_room (0.018853933)",34637
3867,92808,indoor,"clean_room (0.6326568), dressing_room (0.20809156), hospital_room (0.031130213), operating_room (0.02948502), beauty_salon (0.0150845125)",34637
3868,92832,indoor,"clean_room (0.55594134), dressing_room (0.27938974), art_studio (0.027834866), beauty_salon (0.019346531), operating_room (0.0147429155)",34637
3869,92856,indoor,"clean_room (0.5336963), dressing_room (0.29412517), hospital_room (0.026222067), operating_room (0.022745242), art_studio (0.021541275)",34637
3870,92880,indoor,"dressing_room (0.58995813), beauty_salon (0.07884193), clean_room (0.07497279), art_studio (0.03336719), jewelry_shop (0.030944098)",34637
3871,92904,indoor,"dressing_room (0.39420336), clean_room (0.16990863), archive (0.050802078), biology_laboratory (0.048695628), chemistry_lab (0.048003994)",34637
3872,92928,indoor,"dressing_room (0.22821093), art_gallery (0.11944491), art_studio (0.09087867), archive (0.059535723), clean_room (0.05822437)",34637
3873,92952,indoor,"clean_room (0.25411922), dressing_room (0.12449818), art_gallery (0.111763574), art_studio (0.08646648), archive (0.05168231)",34637
3874,92976,indoor,"dressing_room (0.5360153), beauty_salon (0.15795608), clean_room (0.11940788), art_studio (0.051426433), art_gallery (0.03241838)",34637
3875,93000,indoor,"dressing_room (0.59861916), beauty_salon (0.1640631), art_studio (0.063473), clean_room (0.0336135), art_gallery (0.028351251)",34637
3876,93024,indoor,"dressing_room (0.74499154), clean_room (0.13587102), beauty_salon (0.060591906), hospital_room (0.011604946), art_studio (0.0076199253)",34637
3877,93048,indoor,"dressing_room (0.8475778), beauty_salon (0.063022174), clean_room (0.054662317), hospital_room (0.0061891535), art_studio (0.00455948)",34637
3878,93072,indoor,"dressing_room (0.5917903), clean_room (0.29276448), beauty_salon (0.043120787), hospital_room (0.010978254), biology_laboratory (0.010911005)",34637
3879,93096,indoor,"dressing_room (0.7739832), clean_room (0.11359366), beauty_salon (0.0666453), hospital_room (0.0061802254), art_studio (0.0056833783)",34637
3880,93120,indoor,"dressing_room (0.43528175), clean_room (0.3765868), hospital_room (0.04602938), beauty_salon (0.034873836), operating_room (0.017914452)",34637
3881,93144,indoor,"dressing_room (0.5030724), clean_room (0.33947027), beauty_salon (0.0641073), hospital_room (0.03046158), biology_laboratory (0.014562602)",34637
3882,93168,indoor,"clean_room (0.50957954), dressing_room (0.2585326), hospital_room (0.06308525), beauty_salon (0.051954407), operating_room (0.022727981)",34637
3883,93192,indoor,"clean_room (0.41136485), dressing_room (0.36463052), hospital_room (0.066801704), beauty_salon (0.06596849), operating_room (0.029314466)",34637
3884,93216,indoor,"dressing_room (0.42865452), clean_room (0.36433634), beauty_salon (0.06499511), hospital_room (0.040508192), operating_room (0.01716565)",34637
3885,93240,indoor,"dressing_room (0.52808285), clean_room (0.23599696), beauty_salon (0.06266508), hospital_room (0.053176418), art_studio (0.018003142)",34637
3886,93264,indoor,"dressing_room (0.39180586), clean_room (0.37976792), beauty_salon (0.0834463), hospital_room (0.051318076), biology_laboratory (0.01773791)",34637
3887,93288,indoor,"dressing_room (0.5944891), clean_room (0.26185787), beauty_salon (0.036297526), hospital_room (0.028743321), biology_laboratory (0.012800212)",34637
3888,93312,indoor,"dressing_room (0.558301), clean_room (0.25313735), beauty_salon (0.06579695), hospital_room (0.03478543), art_studio (0.0147206085)",34637
3889,93336,indoor,"dressing_room (0.62216514), clean_room (0.17769778), beauty_salon (0.092720315), hospital_room (0.027322425), art_studio (0.018144248)",34637
3890,93360,indoor,"dressing_room (0.726859), clean_room (0.13553913), beauty_salon (0.055973645), hospital_room (0.017917521), art_studio (0.01735179)",34637
3891,93384,indoor,"dressing_room (0.5472752), clean_room (0.26748887), beauty_salon (0.066606425), hospital_room (0.03181258), operating_room (0.014362031)",34637
3892,93408,indoor,"clean_room (0.43458945), dressing_room (0.37531397), beauty_salon (0.042855967), hospital_room (0.03368529), art_studio (0.017784787)",34637
3893,93432,indoor,"dressing_room (0.5441344), clean_room (0.26590052), beauty_salon (0.04959139), hospital_room (0.037568517), operating_room (0.012258971)",34637
3894,93456,indoor,"dressing_room (0.5473501), clean_room (0.1831904), beauty_salon (0.09909618), hospital_room (0.039283354), art_studio (0.022129575)",34637
3895,93480,indoor,"dressing_room (0.48195174), clean_room (0.32064486), beauty_salon (0.04764097), hospital_room (0.029709874), art_studio (0.018975154)",34637
3896,93504,indoor,"dressing_room (0.51389456), clean_room (0.2971333), beauty_salon (0.054885875), hospital_room (0.03070746), art_studio (0.015623196)",34637
3897,93528,indoor,"dressing_room (0.692244), clean_room (0.12173436), beauty_salon (0.079824075), hospital_room (0.021563511), art_studio (0.013582035)",34637
3898,93552,indoor,"dressing_room (0.5321757), clean_room (0.18618926), beauty_salon (0.08768151), art_studio (0.03803685), hospital_room (0.02194533)",34637
3899,93576,indoor,"dressing_room (0.55573976), clean_room (0.24785388), beauty_salon (0.05926126), hospital_room (0.0313471), art_studio (0.016852615)",34637
3900,93600,indoor,"dressing_room (0.9366295), clean_room (0.027047915), archive (0.008474098), locker_room (0.0056294235), chemistry_lab (0.0039596274)",34637
3901,93624,indoor,"dressing_room (0.99071175), clean_room (0.0027174975), beauty_salon (0.0012823213), locker_room (0.0007009474), chemistry_lab (0.0006532072)",34637
3902,93648,indoor,"dressing_room (0.9814966), clean_room (0.0068546627), chemistry_lab (0.0015593106), beauty_salon (0.0014514385), archive (0.0010363905)",34637
3903,93672,indoor,"dressing_room (0.9835998), clean_room (0.0064032013), beauty_salon (0.001768408), locker_room (0.00076613924), archive (0.0007306359)",34637
3904,93696,indoor,"dressing_room (0.978237), clean_room (0.00892563), locker_room (0.002085977), beauty_salon (0.0016009443), archive (0.0013788216)",34637
3905,93720,indoor,"dressing_room (0.9845403), clean_room (0.0056573744), locker_room (0.0016198356), beauty_salon (0.00159138), chemistry_lab (0.0009258143)",34637
3906,93744,indoor,"dressing_room (0.977763), clean_room (0.0072113113), beauty_salon (0.0028348076), archive (0.0022604205), locker_room (0.0018125144)",34637
3907,93768,indoor,"dressing_room (0.97640127), clean_room (0.0061751455), beauty_salon (0.0042596664), archive (0.002033799), chemistry_lab (0.0017825391)",34637
3908,93792,indoor,"dressing_room (0.95001495), clean_room (0.018192243), archive (0.0073073525), locker_room (0.0037563406), physics_laboratory (0.0034889053)",34637
3909,93816,indoor,"dressing_room (0.97449976), clean_room (0.008232166), beauty_salon (0.0031094407), archive (0.002664449), chemistry_lab (0.00247549)",34637
3910,93840,indoor,"dressing_room (0.9787169), clean_room (0.006121915), archive (0.002352929), beauty_salon (0.0022550926), locker_room (0.0017655073)",34637
3911,93864,indoor,"clean_room (0.8288185), dressing_room (0.14966477), chemistry_lab (0.0055181836), operating_room (0.0039844015), hospital_room (0.0033843247)",34637
3912,93888,indoor,"bathroom (0.4594977), dining_room (0.20794325), bow_window/indoor (0.14709653), shower (0.10569443), kitchen (0.0111100655)",34637
3913,93912,indoor,"clean_room (0.5173901), dining_room (0.09831207), bathroom (0.07694271), chemistry_lab (0.046091966), dressing_room (0.03488324)",34637
3914,93936,indoor,"clean_room (0.49354675), dressing_room (0.19843544), locker_room (0.061741516), bow_window/indoor (0.051352244), classroom (0.03801848)",34637
3915,93960,indoor,"clean_room (0.8884143), locker_room (0.06494204), archive (0.0073273247), chemistry_lab (0.0065211426), dressing_room (0.00628758)",34637
3916,93984,indoor,"clean_room (0.7782382), locker_room (0.18200453), dressing_room (0.010579738), chemistry_lab (0.005365525), archive (0.003324592)",34637
3917,94008,indoor,"clean_room (0.2458452), archive (0.23690008), physics_laboratory (0.18439648), dressing_room (0.093411766), music_studio (0.054174628)",34637
3918,94032,indoor,"clean_room (0.723985), archive (0.15595384), physics_laboratory (0.06818149), operating_room (0.010364071), dressing_room (0.0097174235)",34637
3919,94056,indoor,"clean_room (0.34177843), dressing_room (0.24063748), archive (0.18239206), physics_laboratory (0.05396551), operating_room (0.04284187)",34637
3920,94080,indoor,"clean_room (0.79563266), museum/indoor (0.09756447), physics_laboratory (0.06432825), music_studio (0.012279183), archive (0.011746694)",34637
3921,94104,indoor,"clean_room (0.94507354), museum/indoor (0.024496073), physics_laboratory (0.016438624), operating_room (0.009336944), archive (0.0012094436)",34637
3922,94128,indoor,"museum/indoor (0.42307317), clean_room (0.34675193), physics_laboratory (0.09135727), archive (0.061494082), music_studio (0.013828658)",34637
3923,94152,indoor,"museum/indoor (0.80900717), archive (0.07697211), physics_laboratory (0.05596914), clean_room (0.033743076), music_studio (0.0065748985)",34637
3924,94176,indoor,"museum/indoor (0.5157522), physics_laboratory (0.15813933), music_studio (0.10335416), clean_room (0.095477834), archive (0.05234823)",34637
3925,94200,indoor,"clean_room (0.4607747), physics_laboratory (0.17877176), music_studio (0.099721484), operating_room (0.09695757), museum/indoor (0.09220636)",34637
3926,94224,indoor,"dressing_room (0.83246124), clean_room (0.0538266), beauty_salon (0.046628155), chemistry_lab (0.0134574585), biology_laboratory (0.010586944)",34637
3927,94248,indoor,"dressing_room (0.708387), clean_room (0.13975145), beauty_salon (0.047790255), chemistry_lab (0.03076104), biology_laboratory (0.027164599)",34637
3928,94272,indoor,"dressing_room (0.60884017), clean_room (0.217291), beauty_salon (0.05515474), chemistry_lab (0.041129787), biology_laboratory (0.032259867)",34637
3929,94296,indoor,"dressing_room (0.9561971), beauty_salon (0.017747724), clean_room (0.012927011), museum/indoor (0.0022895979), chemistry_lab (0.0020546676)",34637
3930,94320,indoor,"dressing_room (0.9159389), beauty_salon (0.033948954), clean_room (0.01699893), chemistry_lab (0.014812089), biology_laboratory (0.007311902)",34637
3931,94344,indoor,"dressing_room (0.71437156), beauty_salon (0.070401594), chemistry_lab (0.0682232), biology_laboratory (0.061451465), clean_room (0.03942586)",34637
3932,94368,indoor,"dressing_room (0.98223776), art_gallery (0.008199448), clean_room (0.0016599955), museum/indoor (0.0015469864), elevator/door (0.0010503322)",34637
3933,94392,indoor,"clean_room (0.81427956), operating_room (0.10323535), dressing_room (0.02102063), chemistry_lab (0.018193107), nursing_home (0.012554316)",34637
3934,94416,indoor,"clean_room (0.58298296), dressing_room (0.23404437), operating_room (0.087598816), chemistry_lab (0.02826515), hospital_room (0.017675567)",34637
3935,94440,indoor,"dressing_room (0.46282405), clean_room (0.37138382), operating_room (0.06435816), hospital_room (0.03174341), nursing_home (0.014001997)",34637
3936,94464,indoor,"operating_room (0.41048673), clean_room (0.36661115), dressing_room (0.08669463), hospital_room (0.07864076), archive (0.016990753)",34637
3937,94488,indoor,"clean_room (0.33128953), operating_room (0.24999392), dressing_room (0.14592212), hospital_room (0.059699), nursing_home (0.05691105)",34637
3938,94512,indoor,"dressing_room (0.2577738), operating_room (0.24929766), clean_room (0.2235295), archive (0.07225043), nursing_home (0.051985126)",34637
3939,94536,indoor,"clean_room (0.26875502), operating_room (0.26737705), dressing_room (0.25741544), archive (0.07058634), nursing_home (0.0420329)",34637
3940,94560,indoor,"operating_room (0.40739042), clean_room (0.29483345), dressing_room (0.14640789), archive (0.037696052), hospital_room (0.0350184)",34637
3941,94584,indoor,"operating_room (0.5876004), clean_room (0.2835397), hospital_room (0.032858904), dressing_room (0.03106201), chemistry_lab (0.028364856)",34637
3942,94608,indoor,"clean_room (0.37363514), dressing_room (0.31950969), operating_room (0.1357754), chemistry_lab (0.045666687), archive (0.044379685)",34637
3943,94632,indoor,"dressing_room (0.874676), clean_room (0.047025636), operating_room (0.01886216), nursing_home (0.011838203), hospital_room (0.009470353)",34637
3944,94656,indoor,"dressing_room (0.7731906), clean_room (0.15698345), operating_room (0.025317514), hospital_room (0.01087559), nursing_home (0.01001022)",34637
3945,94680,indoor,"dressing_room (0.5631574), clean_room (0.33189076), operating_room (0.055237316), nursing_home (0.01442878), hospital_room (0.013843692)",34637
3946,94704,indoor,"dressing_room (0.5684421), clean_room (0.35783562), operating_room (0.027186027), hospital_room (0.010641897), nursing_home (0.00875194)",34637
3947,94728,indoor,"music_studio (0.22438735), museum/indoor (0.21554048), physics_laboratory (0.15127106), clean_room (0.124014094), operating_room (0.080005944)",34637
3948,94752,indoor,"museum/indoor (0.41602778), clean_room (0.15901344), physics_laboratory (0.14015272), music_studio (0.10388809), archive (0.057428617)",34637
3949,94776,indoor,"clean_room (0.29757762), music_studio (0.269566), physics_laboratory (0.15656298), operating_room (0.08479084), museum/indoor (0.07925952)",34637
3950,94800,indoor,"clean_room (0.5174478), physics_laboratory (0.17030959), operating_room (0.10360826), music_studio (0.099395566), museum/indoor (0.04456684)",34637
3951,94824,indoor,"clean_room (0.28139773), museum/indoor (0.22326215), music_studio (0.17500514), physics_laboratory (0.16289204), archive (0.056854498)",34637
3952,94848,indoor,"clean_room (0.35942683), operating_room (0.20361292), music_studio (0.16444416), physics_laboratory (0.13810922), museum/indoor (0.043884303)",34637
3953,94872,indoor,"clean_room (0.32754877), operating_room (0.21838583), physics_laboratory (0.19033895), music_studio (0.13718991), chemistry_lab (0.07938936)",34637
3954,94896,indoor,"physics_laboratory (0.24332738), archive (0.20470434), clean_room (0.114713036), museum/indoor (0.07514911), music_studio (0.04641248)",34637
3955,94920,indoor,"shower (0.23629408), crevasse (0.13017851), bathroom (0.10614085), glacier (0.092747405), locker_room (0.046707142)",34637
3956,94944,indoor,"dressing_room (0.61663896), clean_room (0.13742866), shower (0.124945275), hospital_room (0.023368808), discotheque (0.01683242)",34637
3957,94968,indoor,"ice_floe (0.46608317), igloo (0.16907884), shower (0.07877315), aquarium (0.05529216), discotheque (0.049545992)",34637
3958,94992,indoor,"dressing_room (0.6946687), clean_room (0.093242), museum/indoor (0.06135012), archive (0.022792105), art_gallery (0.018577784)",34637
3959,95016,indoor,"chemistry_lab (0.19896309), dressing_room (0.13089347), clean_room (0.08920918), classroom (0.08906407), nursery (0.046021033)",34637
3960,95040,indoor,"clean_room (0.42869717), operating_room (0.20359123), conference_room (0.119331904), hospital_room (0.058217384), dining_room (0.020888817)",34637
3961,95064,indoor,"dressing_room (0.82554317), clean_room (0.106759936), beauty_salon (0.014859266), biology_laboratory (0.0128815565), chemistry_lab (0.0116221)",34637
3962,95088,indoor,"clean_room (0.6224264), dressing_room (0.1784115), biology_laboratory (0.061257817), chemistry_lab (0.041801542), operating_room (0.02818823)",34637
3963,95112,indoor,"clean_room (0.53680545), dressing_room (0.25374338), biology_laboratory (0.070216075), operating_room (0.03343162), chemistry_lab (0.033347335)",34637
3964,95136,indoor,"clean_room (0.5778821), dressing_room (0.20912305), biology_laboratory (0.060495686), chemistry_lab (0.053998798), beauty_salon (0.028741628)",34637
3965,95160,indoor,"clean_room (0.45695704), dressing_room (0.42524362), biology_laboratory (0.03431344), chemistry_lab (0.026969401), beauty_salon (0.021581693)",34637
3966,95184,indoor,"dressing_room (0.4755375), clean_room (0.4015548), beauty_salon (0.02597824), biology_laboratory (0.021764353), chemistry_lab (0.01679852)",34637
3967,95208,indoor,"dressing_room (0.7438148), clean_room (0.18775295), beauty_salon (0.024206752), biology_laboratory (0.015455487), chemistry_lab (0.008778826)",34637
3968,95232,indoor,"dressing_room (0.78097296), clean_room (0.1393455), beauty_salon (0.027061649), biology_laboratory (0.0104323095), operating_room (0.009698605)",34637
3969,95256,indoor,"dressing_room (0.7724501), clean_room (0.16855867), beauty_salon (0.014051037), clothing_store (0.0070896638), operating_room (0.006047386)",34637
3970,95280,indoor,"dressing_room (0.91021127), clean_room (0.062233925), beauty_salon (0.00870533), hospital_room (0.0039601037), clothing_store (0.003111898)",34637
3971,95304,indoor,"dressing_room (0.86777693), clean_room (0.086123034), beauty_salon (0.01813708), biology_laboratory (0.0040851906), museum/indoor (0.0031070875)",34637
3972,95328,indoor,"art_gallery (0.18184416), dressing_room (0.16660245), museum/indoor (0.14806642), art_studio (0.108006574), artists_loft (0.084561996)",34637
3973,95352,indoor,"museum/indoor (0.26052833), art_gallery (0.19078627), natural_history_museum (0.09128717), art_studio (0.067021154), artists_loft (0.06625835)",34637
3974,95376,indoor,"museum/indoor (0.30163598), natural_history_museum (0.14970334), art_gallery (0.124387), archive (0.074797116), clean_room (0.06583151)",34637
3975,95400,indoor,"museum/indoor (0.26981342), art_gallery (0.13959116), natural_history_museum (0.11203711), archive (0.101847544), art_studio (0.061334155)",34637
3976,95424,indoor,"natural_history_museum (0.16385326), museum/indoor (0.10741312), nursery (0.089157805), artists_loft (0.082997516), clean_room (0.073555715)",34637
3977,95448,indoor,"office (0.1408939), music_studio (0.13761736), reception (0.0654794), clean_room (0.06095057), art_studio (0.05772599)",34637
3978,95472,indoor,"dressing_room (0.48643377), clean_room (0.31760043), locker_room (0.028972404), clothing_store (0.023605177), nursery (0.023490757)",34637
3979,95496,indoor,"clean_room (0.6925835), operating_room (0.08937086), beauty_salon (0.057250008), dressing_room (0.037265796), hospital_room (0.02878607)",34637
3980,95520,indoor,"chemistry_lab (0.27817196), dressing_room (0.26858544), operating_room (0.14259078), biology_laboratory (0.11085554), hospital_room (0.0646529)",34637
3981,95544,indoor,"chemistry_lab (0.37062076), dressing_room (0.21836366), biology_laboratory (0.16331957), clean_room (0.1176533), operating_room (0.05212088)",34637
3982,95568,indoor,"dressing_room (0.34905016), operating_room (0.15686359), chemistry_lab (0.14307009), clean_room (0.10872433), biology_laboratory (0.10311647)",34637
3983,95592,indoor,"operating_room (0.28216788), dressing_room (0.2349144), chemistry_lab (0.13931671), clean_room (0.12987454), biology_laboratory (0.09129209)",34637
3984,95616,indoor,"operating_room (0.32107353), chemistry_lab (0.31607676), clean_room (0.08459608), biology_laboratory (0.06433522), music_studio (0.059046376)",34637
3985,95640,indoor,"chemistry_lab (0.38806716), operating_room (0.3706107), dressing_room (0.0578984), hospital_room (0.052761655), biology_laboratory (0.046961747)",34637
3986,95664,indoor,"operating_room (0.3360732), dressing_room (0.3155442), chemistry_lab (0.14671704), clean_room (0.072639), hospital_room (0.053458277)",34637
3987,95688,indoor,"chemistry_lab (0.38675228), operating_room (0.2202085), dressing_room (0.19541718), clean_room (0.04925996), biology_laboratory (0.048069134)",34637
3988,95712,indoor,"chemistry_lab (0.3798831), operating_room (0.22295107), dressing_room (0.19375536), clean_room (0.049057886), biology_laboratory (0.0433902)",34637
3989,95736,indoor,"chemistry_lab (0.39104912), dressing_room (0.2606678), operating_room (0.15006544), music_studio (0.05187963), clean_room (0.044234045)",34637
3990,95760,indoor,"chemistry_lab (0.34627497), dressing_room (0.29174963), operating_room (0.1346776), clean_room (0.08126109), music_studio (0.04364685)",34637
3991,95784,indoor,"dressing_room (0.3936792), chemistry_lab (0.23998983), operating_room (0.10152898), music_studio (0.090805724), clean_room (0.07309706)",34637
3992,95808,indoor,"dressing_room (0.6581327), chemistry_lab (0.11724828), operating_room (0.058947813), clean_room (0.058910385), music_studio (0.046371594)",34637
3993,95832,indoor,"chemistry_lab (0.37339878), music_studio (0.21403997), dressing_room (0.19484174), operating_room (0.075777985), biology_laboratory (0.053052217)",34637
3994,95856,indoor,"chemistry_lab (0.39204162), dressing_room (0.16317715), operating_room (0.15060937), music_studio (0.07074009), clean_room (0.056680053)",34637
3995,95880,indoor,"chemistry_lab (0.5266407), operating_room (0.11984126), biology_laboratory (0.08163203), dressing_room (0.08085799), music_studio (0.06887913)",34637
3996,95904,indoor,"chemistry_lab (0.45004934), operating_room (0.3209745), biology_laboratory (0.094562806), clean_room (0.06455712), hospital_room (0.019485593)",34637
3997,95928,indoor,"chemistry_lab (0.39035952), operating_room (0.18878622), biology_laboratory (0.12890615), clean_room (0.06722912), music_studio (0.052800052)",34637
3998,95952,indoor,"operating_room (0.7017776), chemistry_lab (0.10750506), hospital_room (0.06718672), clean_room (0.052879345), biology_laboratory (0.023639072)",34637
3999,95976,indoor,"operating_room (0.88538635), clean_room (0.05137932), hospital_room (0.045906413), chemistry_lab (0.0063319043), biology_laboratory (0.0041263793)",34637
4000,96000,indoor,"chemistry_lab (0.5283046), biology_laboratory (0.16081278), operating_room (0.11743835), hospital_room (0.06296624), clean_room (0.027984967)",34637
4001,96024,indoor,"chemistry_lab (0.6158411), biology_laboratory (0.122332156), clean_room (0.10593853), operating_room (0.04658418), physics_laboratory (0.04400632)",34637
4002,96048,indoor,"clean_room (0.47348815), operating_room (0.35000506), chemistry_lab (0.08835169), biology_laboratory (0.034127284), hospital_room (0.028291594)",34637
4003,96072,outdoor,"ice_floe (0.63303584), ice_shelf (0.2084302), iceberg (0.13154495), crevasse (0.012737821), glacier (0.008612621)",34637
4004,96096,outdoor,"ice_floe (0.55148816), ice_shelf (0.24650674), iceberg (0.089588255), glacier (0.03274851), crevasse (0.030328609)",34637
4005,96120,outdoor,"ice_floe (0.6075022), ice_shelf (0.17522097), iceberg (0.1270193), glacier (0.030574773), crevasse (0.030141601)",34637
4006,96144,outdoor,"ice_floe (0.40231454), ice_shelf (0.29508355), iceberg (0.21661945), crevasse (0.034791812), glacier (0.034645595)",34637
4007,96168,outdoor,"ice_floe (0.3807731), iceberg (0.34278747), ice_shelf (0.20484301), crevasse (0.049022842), glacier (0.019269304)",34637
4008,96192,outdoor,"ice_floe (0.78774756), iceberg (0.16432486), ice_shelf (0.040693007), crevasse (0.003687534), glacier (0.002740782)",34637
4009,96216,indoor,"staircase (0.62550366), entrance_hall (0.36313093), mezzanine (0.0026112394), fire_escape (0.002028044), escalator/indoor (0.0018837329)",34637
4010,96240,indoor,"staircase (0.7007423), entrance_hall (0.25831756), escalator/indoor (0.024721282), mezzanine (0.0037409326), gymnasium/indoor (0.0026300712)",34637
4011,96264,indoor,"staircase (0.8428835), entrance_hall (0.10566428), escalator/indoor (0.04128365), shower (0.0013156196), gymnasium/indoor (0.0012731894)",34637
4012,96288,indoor,"staircase (0.85826856), entrance_hall (0.12361914), escalator/indoor (0.008799181), lobby (0.0011505856), clean_room (0.00092042773)",34637
4013,96312,indoor,"staircase (0.809889), entrance_hall (0.15705073), escalator/indoor (0.015391125), lobby (0.0030116993), mezzanine (0.0018186088)",34637
4014,96336,indoor,"staircase (0.45961806), shower (0.1354278), escalator/indoor (0.1283198), entrance_hall (0.049672894), dressing_room (0.02471931)",34637
4015,96360,indoor,"dressing_room (0.526522), clean_room (0.17202532), nursery (0.05333448), chemistry_lab (0.045038793), discotheque (0.038701616)",34637
4016,96384,indoor,"clean_room (0.58021593), shower (0.19368634), dressing_room (0.09875544), bathroom (0.022726143), airplane_cabin (0.019719789)",34637
4017,96408,indoor,"clean_room (0.2960988), dressing_room (0.2159568), nursery (0.19069195), shower (0.041870747), locker_room (0.02970334)",34637
4018,96432,indoor,"clean_room (0.5292077), shower (0.18163103), dressing_room (0.14527434), chemistry_lab (0.046298668), nursery (0.013207784)",34637
4019,96456,indoor,"clean_room (0.70710874), dressing_room (0.050527863), office (0.029308869), beauty_salon (0.025733894), archive (0.013948284)",34637
4020,96480,indoor,"shower (0.476094), nursery (0.23443344), bedroom (0.09564847), hospital_room (0.05436016), childs_room (0.037396193)",34637
4021,96504,indoor,"shower (0.9496481), museum/indoor (0.013048075), bathroom (0.008456741), nursery (0.0049274983), dressing_room (0.0041051563)",34637
4022,96528,indoor,"staircase (0.7829478), entrance_hall (0.11408789), clean_room (0.018307399), mezzanine (0.016000688), escalator/indoor (0.013780563)",34637
4023,96552,indoor,"shower (0.5754159), bathroom (0.15038116), dressing_room (0.12311266), clean_room (0.09763974), locker_room (0.03288985)",34637
4024,96576,indoor,"staircase (0.8540141), entrance_hall (0.1342964), corridor (0.0024452305), lobby (0.0018812604), mezzanine (0.001371136)",34637
4025,96600,indoor,"clean_room (0.84019905), dressing_room (0.14871864), shower (0.0024269556), archive (0.0018652927), locker_room (0.0009672988)",34637
4026,96624,indoor,"staircase (0.65160966), dressing_room (0.0976015), entrance_hall (0.0781876), clean_room (0.057564072), beauty_salon (0.028766738)",34637
4027,96648,indoor,"dressing_room (0.8748158), clean_room (0.062160667), locker_room (0.0076754917), nursery (0.0057382435), beauty_salon (0.0049475715)",34637
4028,96672,indoor,"staircase (0.7612318), entrance_hall (0.07684495), clean_room (0.052493293), archive (0.029745499), corridor (0.029204296)",34637
4029,96696,indoor,"staircase (0.8035994), dressing_room (0.056117106), clean_room (0.026842061), nursery (0.02122742), entrance_hall (0.013349571)",34637
4030,96720,indoor,"bow_window/indoor (0.374105), dressing_room (0.14961866), clean_room (0.12723888), shower (0.04198955), music_studio (0.040060367)",34637
4031,96744,indoor,"chemistry_lab (0.6078357), biology_laboratory (0.24644582), clean_room (0.08819031), physics_laboratory (0.020061571), operating_room (0.0076692817)",34637
4032,96768,indoor,"clean_room (0.57409704), chemistry_lab (0.18849002), biology_laboratory (0.09002829), operating_room (0.05634009), hospital_room (0.0275016)",34637
4033,96792,indoor,"clean_room (0.42436436), gymnasium/indoor (0.119491704), biology_laboratory (0.048168547), beauty_salon (0.0474039), chemistry_lab (0.045527846)",34637
4034,96816,indoor,"clean_room (0.43584424), gymnasium/indoor (0.07727565), archive (0.07089237), beauty_salon (0.06786716), dressing_room (0.059649896)",34637
4035,96840,indoor,"dressing_room (0.24200132), gymnasium/indoor (0.14799833), archive (0.123621635), clean_room (0.08104637), chemistry_lab (0.064693555)",34637
4036,96864,indoor,"dressing_room (0.5279523), shower (0.29807666), bathroom (0.06736735), bow_window/indoor (0.021593055), hotel_room (0.017620241)",34637
4037,96888,indoor,"bow_window/indoor (0.30327454), nursery (0.1783864), clean_room (0.15810898), childs_room (0.07018828), dressing_room (0.06994238)",34637
4038,96912,indoor,"clean_room (0.2120514), entrance_hall (0.17578255), locker_room (0.10997532), artists_loft (0.07251304), jail_cell (0.039524905)",34637
4039,96936,indoor,"entrance_hall (0.32336962), clean_room (0.14016782), artists_loft (0.0936864), shower (0.061308675), bow_window/indoor (0.058078174)",34637
4040,96960,indoor,"clean_room (0.45916408), shower (0.08134966), artists_loft (0.08013078), dressing_room (0.05524475), entrance_hall (0.04765798)",34637
4041,96984,indoor,"clean_room (0.57020247), locker_room (0.09728017), shower (0.08889592), dressing_room (0.07233593), clothing_store (0.039427012)",34637
4042,97008,indoor,"clean_room (0.94890344), locker_room (0.008485036), music_studio (0.0062591466), physics_laboratory (0.0053367014), operating_room (0.0044830074)",34637
4043,97032,indoor,"dressing_room (0.89618367), bow_window/indoor (0.054137167), jewelry_shop (0.0077966927), shower (0.0066627297), nursery (0.0060968352)",34637
4044,97056,indoor,"shower (0.29547668), jewelry_shop (0.29473174), bathroom (0.1743128), dressing_room (0.11799161), clean_room (0.037444104)",34637
4045,97080,indoor,"bow_window/indoor (0.4249714), dressing_room (0.34349588), shower (0.07619804), elevator/door (0.031918477), sauna (0.021777974)",34637
4046,97104,indoor,"museum/indoor (0.32651532), clean_room (0.2029341), clothing_store (0.11267442), science_museum (0.04747135), nursery (0.039456747)",34637
4047,97128,indoor,"museum/indoor (0.53589785), stage/indoor (0.068117216), clean_room (0.06474098), discotheque (0.062188867), nursery (0.057838175)",34637
4048,97152,indoor,"clean_room (0.53712827), museum/indoor (0.26079586), nursery (0.075314276), chemistry_lab (0.026052875), dressing_room (0.021156067)",34637
4049,97176,indoor,"clean_room (0.9501657), museum/indoor (0.039740182), art_gallery (0.0026411251), shower (0.0025216264), chemistry_lab (0.001404486)",34637
4050,97200,indoor,"clean_room (0.18892203), nursery (0.14691375), museum/indoor (0.09000214), florist_shop/indoor (0.062083203), discotheque (0.0569279)",34637
4051,97224,indoor,"bow_window/indoor (0.40896124), museum/indoor (0.23636334), dressing_room (0.179644), clean_room (0.06804881), art_gallery (0.029262912)",34637
4052,97248,indoor,"bow_window/indoor (0.8831722), clean_room (0.045657955), nursery (0.020065002), dressing_room (0.018512338), museum/indoor (0.010739889)",34637
4053,97272,indoor,"clean_room (0.4438471), bow_window/indoor (0.31086123), museum/indoor (0.10842184), dressing_room (0.04592998), art_gallery (0.023587571)",34637
4054,97296,indoor,"staircase (0.5410683), mezzanine (0.22452153), entrance_hall (0.18882103), basement (0.023886122), attic (0.01112049)",34637
4055,97320,indoor,"staircase (0.96583587), entrance_hall (0.015325855), balcony/interior (0.004524032), mezzanine (0.0042825323), fire_escape (0.0029852618)",34637
4056,97344,indoor,"staircase (0.8574762), escalator/indoor (0.12544), clean_room (0.0053746444), greenhouse/outdoor (0.0022078562), bank_vault (0.0021910216)",34637
4057,97368,indoor,"clean_room (0.66941), escalator/indoor (0.06046311), corridor (0.05470825), staircase (0.02333425), atrium/public (0.022292057)",34637
4058,97392,indoor,"locker_room (0.62471944), office (0.17770237), clean_room (0.041281097), bathroom (0.029394398), bow_window/indoor (0.01743337)",34637
4059,97416,indoor,"bow_window/indoor (0.513802), office (0.1493576), locker_room (0.09372498), bathroom (0.06268983), shower (0.054792166)",34637
4060,97440,indoor,"corridor (0.29257983), shower (0.2026622), clean_room (0.1236676), bathroom (0.09809875), airport_terminal (0.032979645)",34637
4061,97464,indoor,"shower (0.9240691), locker_room (0.04934338), bathroom (0.01274606), clean_room (0.0059442646), closet (0.00235012)",34637
4062,97488,indoor,"staircase (0.94549996), entrance_hall (0.033867434), escalator/indoor (0.00611352), mezzanine (0.0054403194), corridor (0.0015138439)",34637
4063,97512,indoor,"staircase (0.49130854), escalator/indoor (0.15153752), stage/indoor (0.10649213), discotheque (0.060182173), ballroom (0.033051852)",34637
4064,97536,indoor,"staircase (0.8234375), gymnasium/indoor (0.031724382), museum/indoor (0.026404308), stage/indoor (0.024543524), entrance_hall (0.015369714)",34637
4065,97560,indoor,"discotheque (0.26410657), music_studio (0.24081922), clean_room (0.21146746), stage/indoor (0.19740452), dressing_room (0.015534918)",34637
4066,97584,indoor,"staircase (0.9924178), entrance_hall (0.004526985), mezzanine (0.0016388022), escalator/indoor (0.000619189), fire_escape (0.00013651888)",34637
4067,97608,indoor,"dressing_room (0.67018306), discotheque (0.041846357), clothing_store (0.036386956), nursery (0.028985074), clean_room (0.02155231)",34637
4068,97632,indoor,"clean_room (0.41851702), dressing_room (0.324806), clothing_store (0.058785975), nursery (0.024399765), locker_room (0.018972054)",34637
4069,97656,indoor,"dressing_room (0.5588395), nursery (0.15146834), clothing_store (0.08039499), locker_room (0.06740335), martial_arts_gym (0.021451067)",34637
4070,97680,indoor,"dressing_room (0.918964), clothing_store (0.034178708), locker_room (0.015019993), closet (0.010669323), nursery (0.01057592)",34637
4071,97704,indoor,"dressing_room (0.32119194), clothing_store (0.15493524), archive (0.07136295), martial_arts_gym (0.068215564), locker_room (0.05846105)",34637
4072,97728,indoor,"clean_room (0.7930339), shower (0.10426764), auto_factory (0.013153672), server_room (0.011293115), physics_laboratory (0.009956335)",34637
4073,97752,indoor,"clean_room (0.9256528), shower (0.04545437), bathroom (0.0071464605), bank_vault (0.004063082), server_room (0.003553684)",34637
4074,97776,indoor,"clean_room (0.48116598), bank_vault (0.20584503), shower (0.13851832), bathroom (0.06732404), physics_laboratory (0.024152528)",34637
4075,97800,indoor,"clean_room (0.3962972), shower (0.31434682), beauty_salon (0.07829488), bathroom (0.06893163), physics_laboratory (0.022039754)",34637
4076,97824,indoor,"clean_room (0.24689974), bedroom (0.113800734), attic (0.09006347), beauty_salon (0.087609254), bedchamber (0.08272921)",34637
4077,97848,indoor,"beauty_salon (0.4243738), clean_room (0.07622134), bedroom (0.075203545), bedchamber (0.057461508), artists_loft (0.048300583)",34637
4078,97872,indoor,"artists_loft (0.15572022), office (0.13288662), beauty_salon (0.11049105), reception (0.06511814), home_office (0.060080335)",34637
4079,97896,indoor,"artists_loft (0.45168942), living_room (0.26750103), waiting_room (0.069390014), museum/indoor (0.043682378), art_studio (0.03143969)",34637
4080,97920,indoor,"music_studio (0.41165575), living_room (0.23119736), home_office (0.11779577), clean_room (0.062598884), nursery (0.034671288)",34637
4081,97944,indoor,"clean_room (0.1863796), archive (0.11049999), living_room (0.08712332), museum/indoor (0.08217365), nursery (0.061462056)",34637
4082,97968,indoor,"nursery (0.42548484), living_room (0.2895429), dining_room (0.21766588), waiting_room (0.0075495876), clean_room (0.006369631)",34637
4083,97992,indoor,"living_room (0.447496), dining_room (0.2082622), clean_room (0.08450091), museum/indoor (0.038114864), dressing_room (0.03508474)",34637
4084,98016,indoor,"archive (0.35664254), nursery (0.20148729), clean_room (0.14317843), dressing_room (0.057702802), museum/indoor (0.04890686)",34637
4085,98040,indoor,"shower (0.78797764), bathroom (0.093748875), clean_room (0.0342628), chemistry_lab (0.029161468), beauty_salon (0.013589891)",34637
4086,98064,indoor,"shower (0.7288582), aquarium (0.06865993), clean_room (0.039413124), science_museum (0.024483487), bathroom (0.0181702)",34637
4087,98088,outdoor,"wind_farm (0.13116665), beach (0.12587568), shower (0.06515536), elevator/door (0.056249604), marsh (0.047017515)",34637
4088,98112,indoor,"elevator/door (0.33168337), corridor (0.22015515), locker_room (0.06347416), parking_garage/indoor (0.049652465), server_room (0.047208)",34637
4089,98136,indoor,"attic (0.41737556), igloo (0.0743553), basement (0.056056492), escalator/indoor (0.028518893), windmill (0.021586407)",34637
4090,98160,outdoor,"ice_floe (0.287255), ice_shelf (0.08312117), archive (0.06378819), chemistry_lab (0.06322443), iceberg (0.0611163)",34637
4091,98184,indoor,"basement (0.4231883), shower (0.07481591), jail_cell (0.059414823), sauna (0.05152805), museum/indoor (0.05100338)",34637
4092,98208,indoor,"basement (0.42342103), classroom (0.135589), shower (0.06927422), bowling_alley (0.060573902), jail_cell (0.05731851)",34637
4093,98232,indoor,"basement (0.5435596), classroom (0.0748886), bowling_alley (0.07127415), shower (0.05078663), jail_cell (0.03384205)",34637
4094,98256,indoor,"shower (0.3556369), attic (0.120416984), jail_cell (0.074156374), sauna (0.04757057), bathroom (0.04312119)",34637
4095,98280,outdoor,"ice_shelf (0.06051303), skyscraper (0.045640096), igloo (0.041092917), ice_floe (0.039996784), attic (0.038661953)",34637
4096,98304,outdoor,"attic (0.69808257), ice_shelf (0.021917826), ski_slope (0.018853541), basement (0.013594849), igloo (0.013320439)",34637
4097,98328,indoor,"dressing_room (0.5690458), clean_room (0.1677209), museum/indoor (0.053512882), art_studio (0.02957134), martial_arts_gym (0.02686548)",34637
4098,98352,indoor,"clean_room (0.24745159), dressing_room (0.17993887), nursery (0.16983467), museum/indoor (0.11515549), archive (0.11048212)",34637
4099,98376,indoor,"clean_room (0.7621714), archive (0.08649479), museum/indoor (0.06658122), dressing_room (0.055819508), operating_room (0.0066146706)",34637
4100,98400,indoor,"clean_room (0.92669827), dressing_room (0.015563012), archive (0.0144703975), operating_room (0.013009945), hospital_room (0.007755054)",34637
4101,98424,indoor,"clean_room (0.7314842), archive (0.0801772), locker_room (0.049900614), museum/indoor (0.03860785), operating_room (0.027554553)",34637
4102,98448,indoor,"clean_room (0.64858353), archive (0.15811856), nursery (0.048025906), dressing_room (0.04015819), operating_room (0.030495493)",34637
4103,98472,indoor,"clean_room (0.71125203), archive (0.088476785), operating_room (0.060022276), nursery (0.031624723), hospital_room (0.030021919)",34637
4104,98496,indoor,"clean_room (0.7063698), archive (0.12887096), operating_room (0.07392642), hospital_room (0.030519817), nursery (0.010807586)",34637
4105,98520,indoor,"clean_room (0.43360656), archive (0.27564967), operating_room (0.055310253), nursery (0.043079365), museum/indoor (0.042918127)",34637
4106,98544,indoor,"clean_room (0.6677031), archive (0.09369154), operating_room (0.05536026), dressing_room (0.045446523), museum/indoor (0.039656892)",34637
4107,98568,indoor,"clean_room (0.32433495), dressing_room (0.3224567), archive (0.117458485), museum/indoor (0.101488724), operating_room (0.027016765)",34637
4108,98592,indoor,"archive (0.31075153), clean_room (0.2964635), museum/indoor (0.14219563), dressing_room (0.10239399), locker_room (0.024752563)",34637
4109,98616,indoor,"clean_room (0.67375755), museum/indoor (0.094308846), archive (0.062957585), operating_room (0.055443797), dressing_room (0.052083936)",34637
4110,98640,indoor,"clean_room (0.7511193), operating_room (0.07863405), dressing_room (0.039347764), archive (0.031401575), hospital_room (0.02760523)",34637
4111,98664,indoor,"clean_room (0.33951995), dressing_room (0.27832082), museum/indoor (0.19345945), archive (0.074353315), music_studio (0.021821136)",34637
4112,98688,indoor,"dressing_room (0.6883662), museum/indoor (0.06501592), music_studio (0.045205526), clean_room (0.03979035), archive (0.01834007)",34637
4113,98712,indoor,"dressing_room (0.45846102), clean_room (0.2372022), chemistry_lab (0.076218255), operating_room (0.03265684), archive (0.02092038)",34637
4114,98736,indoor,"dressing_room (0.38517973), clean_room (0.31252238), chemistry_lab (0.074379094), nursing_home (0.027617496), operating_room (0.026694555)",34637
4115,98760,indoor,"clean_room (0.4583609), operating_room (0.10603535), chemistry_lab (0.095027186), dressing_room (0.09122948), archive (0.046506763)",34637
4116,98784,indoor,"clean_room (0.52268755), operating_room (0.16195396), dressing_room (0.105371475), hospital_room (0.0504911), chemistry_lab (0.028997917)",34637
4117,98808,indoor,"clean_room (0.5021408), dressing_room (0.20055035), operating_room (0.14341329), chemistry_lab (0.04214373), physics_laboratory (0.016353503)",34637
4118,98832,indoor,"clean_room (0.6667818), dressing_room (0.07901245), archive (0.07639009), operating_room (0.06254627), hospital_room (0.024586359)",34637
4119,98856,indoor,"clean_room (0.9902047), operating_room (0.0048623723), dressing_room (0.0040370496), hospital_room (0.00030350927), physics_laboratory (0.0001978775)",34637
4120,98880,indoor,"clean_room (0.86504376), dressing_room (0.10049522), physics_laboratory (0.014753869), museum/indoor (0.0056689195), chemistry_lab (0.004856891)",34637
4121,98904,indoor,"clean_room (0.8085897), dressing_room (0.08282034), operating_room (0.04450646), chemistry_lab (0.021955695), hospital_room (0.013287549)",34637
4122,98928,indoor,"clean_room (0.40078), dining_room (0.14803962), operating_room (0.1094742), dressing_room (0.049092248), archive (0.047634598)",34637
4123,98952,indoor,"entrance_hall (0.19192457), archive (0.15278347), museum/indoor (0.14914139), living_room (0.10175739), office (0.089799725)",34637
4124,98976,indoor,"museum/indoor (0.42783695), artists_loft (0.12167541), art_gallery (0.115690336), living_room (0.0975151), waiting_room (0.043975256)",34637
4125,99000,indoor,"home_office (0.27586642), office (0.25431532), reception (0.13351634), art_gallery (0.04641658), art_studio (0.044199742)",34637
4126,99024,indoor,"staircase (0.6486652), clean_room (0.0554642), escalator/indoor (0.0465306), archive (0.03232099), ice_cream_parlor (0.029306766)",34637
4127,99048,indoor,"staircase (0.37992126), lobby (0.16619976), archive (0.08881967), atrium/public (0.047402985), entrance_hall (0.03704455)",34637
4128,99072,indoor,"lobby (0.2295941), staircase (0.21553668), archive (0.11591824), atrium/public (0.08887362), shopping_mall/indoor (0.0427547)",34637
4129,99096,indoor,"staircase (0.2810253), lobby (0.16633168), atrium/public (0.13053817), shopping_mall/indoor (0.09223558), entrance_hall (0.07071375)",34637
4130,99120,indoor,"archive (0.4892106), dressing_room (0.18783672), lobby (0.049349323), staircase (0.032980915), classroom (0.032193385)",34637
4131,99144,indoor,"dressing_room (0.79267406), clothing_store (0.05709022), clean_room (0.051282432), chemistry_lab (0.008517032), museum/indoor (0.007909162)",34637
4132,99168,indoor,"dressing_room (0.8894558), clean_room (0.048911393), discotheque (0.019332372), clothing_store (0.007833378), locker_room (0.0067101745)",34637
4133,99192,indoor,"dressing_room (0.5351465), clean_room (0.39645866), operating_room (0.025999242), hospital_room (0.015090937), clothing_store (0.004767014)",34637
4134,99216,indoor,"dressing_room (0.45994544), clean_room (0.36088863), locker_room (0.04161691), operating_room (0.037883017), clothing_store (0.02929892)",34637
4135,99240,indoor,"dressing_room (0.51111007), clean_room (0.41361755), operating_room (0.013159852), hospital_room (0.012714378), clothing_store (0.0069188937)",34637
4136,99264,indoor,"dressing_room (0.5601933), clean_room (0.07618871), hospital_room (0.056683905), restaurant (0.05137356), chemistry_lab (0.029188225)",34637
4137,99288,indoor,"dressing_room (0.5966987), hospital_room (0.08368563), locker_room (0.077263884), restaurant (0.047651768), clean_room (0.044492897)",34637
4138,99312,indoor,"dressing_room (0.78982943), nursery (0.060363807), clean_room (0.031089608), classroom (0.0165742), kindergarden_classroom (0.016050221)",34637
4139,99336,indoor,"dressing_room (0.73635143), restaurant (0.09557814), bow_window/indoor (0.0260228), living_room (0.014801038), cafeteria (0.014387804)",34637
4140,99360,indoor,"dressing_room (0.32518825), restaurant (0.2394753), cafeteria (0.095492624), coffee_shop (0.03075406), bow_window/indoor (0.027181054)",34637
4141,99384,indoor,"tree_house (0.1296473), bow_window/indoor (0.088266276), yard (0.07121851), waiting_room (0.07061979), living_room (0.06568738)",34637
4142,99408,indoor,"conference_room (0.24707542), waiting_room (0.13378303), conference_center (0.05955577), playground (0.058568478), bus_interior (0.038609933)",34637
4143,99432,outdoor,"playground (0.6377056), boat_deck (0.027380163), campsite (0.02168683), hospital_room (0.019139845), ice_floe (0.018704016)",34637
4144,99456,outdoor,"boat_deck (0.64892304), playground (0.080758005), hospital_room (0.042361893), bow_window/indoor (0.031412065), hangar/outdoor (0.010948812)",34637
4145,99480,outdoor,"parking_lot (0.1417767), junkyard (0.1348323), campsite (0.11820377), playground (0.101620756), auto_factory (0.085825354)",34637
4146,99504,outdoor,"parking_lot (0.32817903), junkyard (0.20220691), auto_factory (0.080884196), boat_deck (0.044792183), campsite (0.023800919)",34637
4147,99528,outdoor,"parking_lot (0.28368738), junkyard (0.10345795), hangar/outdoor (0.08673414), campsite (0.07157584), boat_deck (0.045719374)",34637
4148,99552,outdoor,"parking_lot (0.32654494), junkyard (0.12434105), campsite (0.08194689), auto_factory (0.061173625), playground (0.037339788)",34637
4149,99576,outdoor,"parking_lot (0.2792412), auto_factory (0.071561836), playground (0.068578094), junkyard (0.059615355), boat_deck (0.045043014)",34637
4150,99600,outdoor,"parking_lot (0.2957043), auto_factory (0.07642079), junkyard (0.06742166), hangar/outdoor (0.0568088), campsite (0.04175401)",34637
4151,99624,outdoor,"parking_lot (0.32079586), playground (0.1126601), junkyard (0.09108158), auto_factory (0.052749753), campsite (0.047464795)",34637
4152,99648,outdoor,"parking_lot (0.20316757), junkyard (0.11803586), playground (0.097223096), auto_factory (0.06513752), campsite (0.055114232)",34637
4153,99672,indoor,"physics_laboratory (0.2806393), chemistry_lab (0.22965217), computer_room (0.08351533), home_office (0.061775215), shower (0.047760777)",34637
4154,99696,indoor,"shower (0.47493485), bathroom (0.08385113), hangar/outdoor (0.08052802), wind_farm (0.07452026), airplane_cabin (0.033803415)",34637
4155,99720,outdoor,"highway (0.51957476), desert_road (0.31073818), snowfield (0.08473165), field_road (0.021708261), forest_road (0.021116594)",34637
4156,99744,outdoor,"highway (0.3916847), desert_road (0.29143786), snowfield (0.17516622), forest_road (0.043667402), mountain_snowy (0.03505634)",34637
4157,99768,outdoor,"highway (0.36053684), desert_road (0.287325), snowfield (0.20616703), forest_road (0.04206551), field_road (0.04192937)",34637
4158,99792,outdoor,"highway (0.39091298), desert_road (0.33546466), snowfield (0.15570813), field_road (0.033399094), forest_road (0.029149188)",34637
4159,99816,outdoor,"snowfield (0.3267466), ice_shelf (0.16196154), highway (0.14964001), desert_road (0.10747588), mountain_snowy (0.098697014)",34637
4160,99840,outdoor,"iceberg (0.9018248), ice_shelf (0.055736452), sky (0.019995512), ice_floe (0.009936131), glacier (0.00476488)",34637
4161,99864,outdoor,"iceberg (0.31252998), ice_shelf (0.21558966), ice_floe (0.21427718), igloo (0.040310934), hot_spring (0.031147828)",34637
4162,99888,outdoor,"iceberg (0.57879454), ice_shelf (0.30859032), ice_floe (0.08679123), glacier (0.013518617), crevasse (0.009266635)",34637
4163,99912,outdoor,"ice_shelf (0.48453885), iceberg (0.39241064), glacier (0.039151106), snowfield (0.027885837), ice_floe (0.027797842)",34637
4164,99936,outdoor,"ice_shelf (0.48947987), ice_floe (0.26104197), snowfield (0.10360268), iceberg (0.09689054), glacier (0.017535133)",34637
4165,99960,outdoor,"ice_floe (0.506273), ice_shelf (0.2835858), iceberg (0.11844422), snowfield (0.041421425), tundra (0.014993835)",34637
4166,99984,indoor,"office_cubicles (0.401765), office (0.19903362), biology_laboratory (0.057305444), classroom (0.039241634), clean_room (0.03633736)",34637
4167,100008,indoor,"office_cubicles (0.28016475), office (0.15504898), coffee_shop (0.0859942), biology_laboratory (0.08230185), ice_cream_parlor (0.0717983)",34637
4168,100032,indoor,"clean_room (0.24219078), office_cubicles (0.16639654), biology_laboratory (0.12033265), airplane_cabin (0.090226986), office (0.0690012)",34637
4169,100056,indoor,"classroom (0.57458425), conference_room (0.05119055), lecture_room (0.047464814), biology_laboratory (0.04479971), cafeteria (0.044184767)",34637
4170,100080,indoor,"classroom (0.25077552), clean_room (0.12711546), biology_laboratory (0.12495153), chemistry_lab (0.06296129), office_cubicles (0.06268922)",34637
4171,100104,indoor,"playground (0.41428465), auto_factory (0.11775389), engine_room (0.08040589), basement (0.03996906), waiting_room (0.039503597)",34637
4172,100128,outdoor,"bow_window/indoor (0.22552922), playground (0.11594174), parking_lot (0.06806944), waiting_room (0.051698517), amusement_park (0.046768103)",34637
4173,100152,outdoor,"playground (0.76206976), parking_lot (0.044389833), amusement_park (0.04183351), gas_station (0.034531757), coffee_shop (0.017355455)",34637
4174,100176,outdoor,"parking_lot (0.46902204), junkyard (0.13912396), gas_station (0.07606755), playground (0.05951336), auto_factory (0.035353146)",34637
4175,100200,outdoor,"parking_lot (0.2594859), playground (0.21759737), junkyard (0.19181192), amusement_park (0.058196098), gas_station (0.05431865)",34637
4176,100224,outdoor,"parking_lot (0.41255504), gas_station (0.08446902), loading_dock (0.08252022), junkyard (0.080888666), playground (0.06603383)",34637
4177,100248,outdoor,"parking_lot (0.42167896), junkyard (0.22014336), loading_dock (0.16381742), gas_station (0.053032238), playground (0.011054965)",34637
4178,100272,outdoor,"parking_lot (0.3184816), junkyard (0.29401073), loading_dock (0.17735589), gas_station (0.07763164), repair_shop (0.016940339)",34637
4179,100296,outdoor,"parking_lot (0.38443992), junkyard (0.26168615), loading_dock (0.18920782), gas_station (0.030480746), repair_shop (0.013804451)",34637
4180,100320,outdoor,"parking_lot (0.43589118), junkyard (0.19081396), loading_dock (0.08308476), gas_station (0.07460402), playground (0.03556305)",34637
4181,100344,outdoor,"mosque/outdoor (0.076719046), parking_lot (0.062046643), cockpit (0.059971176), ice_floe (0.055723693), runway (0.05073516)",34637
4182,100368,indoor,"jail_cell (0.24477156), shower (0.120706186), ice_floe (0.06405462), bank_vault (0.06184174), parking_lot (0.054047614)",34637
4183,100392,indoor,"parking_lot (0.38513944), parking_garage/indoor (0.24951586), airplane_cabin (0.047379915), shower (0.031614862), basement (0.028059613)",34637
4184,100416,outdoor,"snowfield (0.3236511), desert_road (0.29255393), highway (0.27365288), field_road (0.036555625), forest_road (0.019726995)",34637
4185,100440,outdoor,"snowfield (0.505315), highway (0.21406546), desert_road (0.12206788), mountain_snowy (0.05647498), field_road (0.026666537)",34637
4186,100464,outdoor,"highway (0.37105045), snowfield (0.15510195), mountain_snowy (0.0944449), desert_road (0.09313775), sky (0.0736748)",34637
4187,100488,outdoor,"iceberg (0.4600772), ice_shelf (0.24876696), sky (0.14223959), mountain_snowy (0.040290333), glacier (0.03034952)",34637
4188,100512,outdoor,"ice_shelf (0.26981005), iceberg (0.24772575), ice_floe (0.18066072), desert/sand (0.04268349), snowfield (0.029208107)",34637
4189,100536,outdoor,"iceberg (0.51962703), ice_shelf (0.24822035), crevasse (0.09440873), ice_floe (0.05108496), glacier (0.037104577)",34637
4190,100560,outdoor,"ice_shelf (0.35878047), iceberg (0.27007246), crevasse (0.12321652), glacier (0.08776895), ice_floe (0.06315235)",34637
4191,100584,outdoor,"ice_floe (0.36541155), ice_shelf (0.28433564), iceberg (0.121448494), snowfield (0.11954966), sky (0.021340594)",34637
4192,100608,outdoor,"ice_shelf (0.378501), ice_floe (0.3141767), snowfield (0.11405899), iceberg (0.105594), sky (0.017477188)",34637
4193,100632,indoor,"bathroom (0.3924031), shower (0.22637114), biology_laboratory (0.11869594), clean_room (0.095876895), chemistry_lab (0.07573739)",34637
4194,100656,indoor,"bathroom (0.6466745), shower (0.16401091), clean_room (0.036438096), dressing_room (0.026217856), biology_laboratory (0.022549383)",34637
4195,100680,indoor,"bathroom (0.40551504), biology_laboratory (0.10846634), shower (0.10347129), clean_room (0.10025415), beauty_salon (0.071792655)",34637
4196,100704,indoor,"bathroom (0.53878635), shower (0.10844108), clean_room (0.08763169), biology_laboratory (0.07633042), beauty_salon (0.042006865)",34637
4197,100728,outdoor,"highway (0.6486718), desert_road (0.09700441), field_road (0.06343796), snowfield (0.03607241), ice_floe (0.028966399)",34637
4198,100752,outdoor,"highway (0.7116581), desert_road (0.08636332), forest_road (0.06696375), field_road (0.056902874), snowfield (0.02348437)",34637
4199,100776,outdoor,"highway (0.6988814), field_road (0.06936692), forest_road (0.05083212), snowfield (0.03207116), ice_shelf (0.031806953)",34637
4200,100800,outdoor,"mountain_snowy (0.49669316), ice_shelf (0.22543149), iceberg (0.107217446), snowfield (0.062495146), glacier (0.029474787)",34637
4201,100824,outdoor,"desert_road (0.28086102), snowfield (0.2699008), highway (0.25233114), mountain_snowy (0.08757793), forest_road (0.034054372)",34637
4202,100848,outdoor,"desert_road (0.409497), highway (0.3516074), snowfield (0.10994504), mountain_snowy (0.056223657), forest_road (0.028396165)",34637
4203,100872,outdoor,"sky (0.28939694), mountain_snowy (0.16217652), snowfield (0.09847587), highway (0.08614419), ice_shelf (0.08272468)",34637
4204,100896,outdoor,"iceberg (0.42365026), ice_shelf (0.32917136), ice_floe (0.17791042), glacier (0.015716007), snowfield (0.0124866385)",34637
4205,100920,outdoor,"iceberg (0.33103237), ice_floe (0.1604612), ice_shelf (0.15837292), snowfield (0.12649116), glacier (0.11635733)",34637
4206,100944,outdoor,"ice_shelf (0.5632994), iceberg (0.23549384), ice_floe (0.088475585), glacier (0.043234397), snowfield (0.0321099)",34637
4207,100968,outdoor,"ice_floe (0.4044092), ice_shelf (0.35515147), snowfield (0.11576278), iceberg (0.057845827), mountain_snowy (0.019569485)",34637
4208,100992,indoor,"clean_room (0.20429003), beauty_salon (0.09662511), jewelry_shop (0.094711676), office_cubicles (0.084757745), biology_laboratory (0.06298036)",34637
4209,101016,indoor,"office_cubicles (0.14190432), clean_room (0.14000039), office (0.08395222), bathroom (0.08188587), biology_laboratory (0.07515008)",34637
4210,101040,indoor,"clean_room (0.16888064), beauty_salon (0.13326968), office_cubicles (0.090341076), reception (0.070082135), office (0.06540358)",34637
4211,101064,outdoor,"highway (0.6615593), forest_road (0.092408724), field_road (0.09062156), desert_road (0.05088327), raceway (0.03086618)",34637
4212,101088,outdoor,"highway (0.5337422), field_road (0.112404294), desert_road (0.09324972), beach (0.04574493), forest_road (0.03771742)",34637
4213,101112,outdoor,"highway (0.7909342), field_road (0.039449375), raceway (0.038058948), snowfield (0.024716446), desert_road (0.023110218)",34637
4214,101136,outdoor,"ice_floe (0.3209576), iceberg (0.30801144), ice_shelf (0.1324334), igloo (0.068710424), glacier (0.023910187)",34637
4215,101160,outdoor,"desert_road (0.43759742), highway (0.18265398), wind_farm (0.11476353), field_road (0.061358172), ice_shelf (0.05962001)",34637
4216,101184,outdoor,"desert_road (0.39141673), ice_shelf (0.18347013), snowfield (0.14079316), highway (0.08872949), ice_floe (0.06148)",34637
4217,101208,outdoor,"ice_shelf (0.37973788), ice_floe (0.33732772), iceberg (0.20720313), igloo (0.01203189), snowfield (0.0073656905)",34637
4218,101232,indoor,"airplane_cabin (0.12917039), office (0.08796483), office_cubicles (0.0873579), biology_laboratory (0.08444139), clean_room (0.069664925)",34637
4219,101256,indoor,"office_cubicles (0.3701949), bathroom (0.18007204), office (0.17158245), biology_laboratory (0.039199185), dressing_room (0.036596943)",34637
4220,101280,indoor,"office_cubicles (0.39922062), ice_cream_parlor (0.110212944), clean_room (0.10146139), classroom (0.085775994), office (0.08249059)",34637
4221,101304,outdoor,"iceberg (0.7830219), ice_shelf (0.07676634), ice_floe (0.05480052), sky (0.03798351), glacier (0.026579957)",34637
4222,101328,outdoor,"iceberg (0.8642385), ice_shelf (0.048048448), ice_floe (0.045223773), sky (0.019749776), glacier (0.012274405)",34637
4223,101352,outdoor,"iceberg (0.71756685), ice_floe (0.09693122), ice_shelf (0.08668407), sky (0.042263124), glacier (0.032550514)",34637
4224,101376,outdoor,"iceberg (0.8269601), ice_floe (0.05214192), sky (0.036668025), ice_shelf (0.03380137), glacier (0.021177324)",34637
4225,101400,outdoor,"iceberg (0.5606818), ice_floe (0.22830787), ice_shelf (0.093889855), sky (0.05915159), glacier (0.021637669)",34637
4226,101424,outdoor,"snowfield (0.32957798), desert_road (0.29348603), ice_shelf (0.17102177), highway (0.0795109), ski_slope (0.041028082)",34637
4227,101448,outdoor,"desert_road (0.406207), snowfield (0.2598718), highway (0.13283451), ice_shelf (0.082087725), ski_slope (0.044072643)",34637
4228,101472,outdoor,"snowfield (0.33396032), ice_shelf (0.3162527), desert_road (0.09539596), highway (0.08157525), ski_slope (0.07266019)",34637
4229,101496,outdoor,"snowfield (0.398125), ice_shelf (0.29379925), ice_floe (0.19754001), glacier (0.02530092), iceberg (0.01771473)",34637
4230,101520,outdoor,"ice_floe (0.765674), iceberg (0.16056609), ice_shelf (0.05280823), snowfield (0.013038981), glacier (0.0041403174)",34637
4231,101544,outdoor,"highway (0.5199116), desert_road (0.16171335), field_road (0.12899911), forest_road (0.08232694), snowfield (0.03410683)",34637
4232,101568,outdoor,"highway (0.53222823), desert_road (0.20527995), forest_road (0.113825895), field_road (0.1043416), snowfield (0.023485225)",34637
4233,101592,outdoor,"highway (0.62508565), desert_road (0.17096518), field_road (0.09545822), forest_road (0.06266354), snowfield (0.013133713)",34637
4234,101616,outdoor,"ice_floe (0.22775231), ice_shelf (0.15090635), snowfield (0.13111085), wind_farm (0.075210966), ski_slope (0.05362825)",34637
4235,101640,indoor,"clean_room (0.27204213), beauty_salon (0.16660666), biology_laboratory (0.08424145), chemistry_lab (0.049607936), ice_cream_parlor (0.04484675)",34637
4236,101664,indoor,"office_cubicles (0.14723854), jewelry_shop (0.13964215), beauty_salon (0.117781624), office (0.092915244), home_office (0.053088438)",34637
4237,101688,indoor,"office_cubicles (0.14191657), jewelry_shop (0.10704591), office (0.09676172), clean_room (0.08978668), home_office (0.06281303)",34637
4238,101712,outdoor,"snowfield (0.5544782), ski_slope (0.1911892), ice_shelf (0.121503845), desert_road (0.06773648), highway (0.025581634)",34637
4239,101736,outdoor,"snowfield (0.62758774), ski_slope (0.13198206), ice_shelf (0.067634895), desert_road (0.067006685), highway (0.053195693)",34637
4240,101760,outdoor,"snowfield (0.53089017), ice_shelf (0.1539949), ski_slope (0.11637888), highway (0.055413794), desert_road (0.03345641)",34637
4241,101784,outdoor,"ice_shelf (0.5486716), ice_floe (0.18306617), snowfield (0.13457668), ski_slope (0.05947393), runway (0.0101688495)",34637
4242,101808,outdoor,"ice_shelf (0.59879065), ice_floe (0.3150119), snowfield (0.048726227), iceberg (0.02562188), glacier (0.005446755)",34637
4243,101832,indoor,"bathroom (0.22679783), clean_room (0.16366307), biology_laboratory (0.14943747), dressing_room (0.06791287), shower (0.040691555)",34637
4244,101856,indoor,"biology_laboratory (0.2010637), ice_cream_parlor (0.14163634), chemistry_lab (0.12388934), clean_room (0.08913472), bathroom (0.073437296)",34637
4245,101880,indoor,"bathroom (0.29761744), clean_room (0.098243736), biology_laboratory (0.0868456), shower (0.062904775), beauty_salon (0.06026218)",34637
4246,101904,indoor,"dressing_room (0.33413112), bathroom (0.3272278), shower (0.08468606), clean_room (0.06864159), beauty_salon (0.0527618)",34637
4247,101928,indoor,"dressing_room (0.20413676), clean_room (0.19231561), bathroom (0.11263218), beauty_salon (0.11033955), biology_laboratory (0.057552405)",34637
4248,101952,outdoor,"snowfield (0.34514534), ice_shelf (0.20695738), ice_floe (0.13677894), ski_slope (0.1332126), ski_resort (0.012247975)",34637
4249,101976,outdoor,"snowfield (0.39137962), ice_shelf (0.23486842), ice_floe (0.1499956), ski_slope (0.09397896), mountain_snowy (0.0087792715)",34637
4250,102000,outdoor,"snowfield (0.6391051), ice_floe (0.15787008), ice_shelf (0.121409334), ski_slope (0.012456281), desert/sand (0.009588702)",34637
4251,102024,outdoor,"ice_floe (0.4491584), ice_shelf (0.16992065), snowfield (0.16876788), iceberg (0.05973668), glacier (0.042431235)",34637
4252,102048,outdoor,"ice_floe (0.6451709), ice_shelf (0.26415288), iceberg (0.018671095), snowfield (0.015049125), ski_slope (0.012276819)",34637
4253,102072,outdoor,"ski_slope (0.32980356), snowfield (0.29301015), ice_floe (0.1679552), ice_shelf (0.13638496), mountain_snowy (0.017764311)",34637
4254,102096,outdoor,"ski_slope (0.8732907), snowfield (0.10256171), ski_resort (0.0098923305), ice_shelf (0.0068188533), mountain_snowy (0.0037402841)",34637
4255,102120,outdoor,"sky (0.6679632), snowfield (0.06156468), pasture (0.03459392), airfield (0.029699301), marsh (0.024392579)",34637
4256,102144,outdoor,"sky (0.42558235), pasture (0.06635145), snowfield (0.06285313), marsh (0.057137217), airfield (0.044213317)",34637
4257,102168,outdoor,"airfield (0.43585065), sky (0.31346086), runway (0.15382825), landing_deck (0.016892899), snowfield (0.016278775)",34637
4258,102192,outdoor,"sky (0.32769772), airfield (0.28380734), runway (0.22351517), landing_deck (0.035603542), snowfield (0.030016722)",34637
4259,102216,outdoor,"runway (0.26639503), airfield (0.22760001), sky (0.1429657), snowfield (0.1355807), ice_floe (0.029481407)",34637
4260,102240,outdoor,"sky (0.27852526), snowfield (0.25478822), runway (0.094973154), ski_slope (0.065558515), airfield (0.056532435)",34637
4261,102264,outdoor,"snowfield (0.27933612), sky (0.11876224), shower (0.11289839), ski_slope (0.07599815), ice_floe (0.07506061)",34637
4262,102288,outdoor,"snowfield (0.3590966), sky (0.15786189), ski_slope (0.07423823), ice_shelf (0.06483911), ice_floe (0.06363895)",34637
4263,102312,outdoor,"snowfield (0.5303301), ice_shelf (0.08949458), sky (0.063688576), ski_slope (0.056959335), runway (0.047070235)",34637
4264,102336,outdoor,"snowfield (0.42081007), ski_slope (0.10602794), mountain_snowy (0.0821215), ice_shelf (0.07491651), runway (0.04808637)",34637
4265,102360,outdoor,"snowfield (0.48829612), ski_slope (0.077519156), mountain_snowy (0.07301618), ice_shelf (0.05122636), airfield (0.043996908)",34637
4266,102384,outdoor,"snowfield (0.40646103), airfield (0.15970889), ski_slope (0.08721281), sky (0.062409494), runway (0.048590146)",34637
4267,102408,outdoor,"snowfield (0.27145767), hangar/outdoor (0.075247794), shower (0.06320081), airfield (0.06283958), sky (0.061257347)",34637
4268,102432,outdoor,"snowfield (0.3706124), sky (0.08236436), ski_slope (0.065717086), runway (0.052899923), airfield (0.04914178)",34637
4269,102456,outdoor,"snowfield (0.6501764), mountain_snowy (0.055452596), sky (0.041312553), tundra (0.027981065), ice_shelf (0.022973975)",34637
4270,102480,outdoor,"snowfield (0.30246937), runway (0.13499121), ice_shelf (0.10315015), ice_floe (0.074341066), hangar/outdoor (0.0415389)",34637
4271,102504,outdoor,"runway (0.49726513), airfield (0.12910745), snowfield (0.07867096), landing_deck (0.07088369), ice_shelf (0.03105836)",34637
4272,102528,outdoor,"runway (0.3779584), hangar/outdoor (0.2606385), landing_deck (0.107095145), airfield (0.064848915), heliport (0.05113443)",34637
4273,102552,outdoor,"runway (0.31974548), hangar/outdoor (0.16604368), ice_shelf (0.1280005), snowfield (0.086358234), ice_floe (0.041149087)",34637
4274,102576,outdoor,"runway (0.44699955), snowfield (0.19612977), ice_shelf (0.16025746), ice_floe (0.033339784), mountain_snowy (0.029763713)",34637
4275,102600,outdoor,"runway (0.5089337), snowfield (0.12617962), ice_shelf (0.112405784), airfield (0.035365023), ice_floe (0.035086732)",34637
4276,102624,outdoor,"ice_shelf (0.3446207), runway (0.16588879), mountain_snowy (0.16113305), snowfield (0.08064121), iceberg (0.051340174)",34637
4277,102648,outdoor,"ice_shelf (0.77541304), ice_floe (0.070944384), iceberg (0.06441437), ocean (0.029159727), coast (0.010640506)",34637
4278,102672,outdoor,"ice_shelf (0.41466254), iceberg (0.19510163), runway (0.15050557), ice_floe (0.12778433), snowfield (0.036620215)",34637
4279,102696,outdoor,"ice_shelf (0.5790873), iceberg (0.1865704), runway (0.116215885), ice_floe (0.08168851), snowfield (0.010864236)",34637
4280,102720,outdoor,"ice_shelf (0.42411843), runway (0.3496534), iceberg (0.08896061), ice_floe (0.03199242), landing_deck (0.022002418)",34637
4281,102744,outdoor,"runway (0.8055529), ice_shelf (0.07152519), landing_deck (0.06799948), ice_floe (0.03373015), harbor (0.0041290508)",34637
4282,102768,outdoor,"runway (0.68865633), ice_shelf (0.096025), ice_floe (0.08999327), landing_deck (0.051230863), iceberg (0.033506315)",34637
4283,102792,outdoor,"runway (0.85327446), landing_deck (0.046360966), airfield (0.03747225), ice_shelf (0.028646894), hangar/outdoor (0.011475702)",34637
4284,102816,outdoor,"runway (0.78482944), landing_deck (0.09374926), ice_shelf (0.07161334), ice_floe (0.020736566), iceberg (0.010441847)",34637
4285,102840,outdoor,"runway (0.8492145), landing_deck (0.08758569), ice_shelf (0.023563007), ice_floe (0.019860784), airfield (0.007899863)",34637
4286,102864,outdoor,"runway (0.9288305), landing_deck (0.0698267), airfield (0.0007456358), hangar/outdoor (0.00031710253), ice_shelf (7.889401e-05)",34637
4287,102888,outdoor,"runway (0.8590721), landing_deck (0.120784216), ice_floe (0.007834759), airfield (0.003395903), ice_shelf (0.0030209026)",34637
4288,102912,outdoor,"runway (0.7873384), landing_deck (0.20409572), airfield (0.0040244996), ice_shelf (0.0014433366), hangar/outdoor (0.0012765031)",34637
4289,102936,outdoor,"loading_dock (0.2222458), ice_floe (0.17447507), elevator/door (0.11432647), ice_shelf (0.07285721), ski_slope (0.043575007)",34637
4290,102960,indoor,"garage/indoor (0.18682432), loading_dock (0.096729256), bedroom (0.06648001), clean_room (0.045827586), hospital_room (0.043932933)",34637
4291,102984,indoor,"runway (0.24175608), shower (0.18705279), landing_deck (0.084704675), clean_room (0.07172296), bathroom (0.04872458)",34637
4292,103008,outdoor,"runway (0.4502806), hangar/indoor (0.11557559), hangar/outdoor (0.11121294), shower (0.10504697), landing_deck (0.07042452)",34637
4293,103032,outdoor,"shower (0.5828175), runway (0.13329957), hangar/outdoor (0.08553705), bathroom (0.05814188), boat_deck (0.033293348)",34637
4294,103056,indoor,"clean_room (0.187648), shower (0.12298196), hangar/outdoor (0.120906614), runway (0.11481505), hangar/indoor (0.10859995)",34637
4295,103080,indoor,"server_room (0.3532108), locker_room (0.21986873), shower (0.13000481), clean_room (0.06627596), chemistry_lab (0.044541683)",34637
4296,103104,indoor,"shower (0.19888745), clean_room (0.14532347), wind_farm (0.14433715), museum/indoor (0.07106146), skyscraper (0.063844495)",34637
4297,103128,indoor,"shower (0.54963386), bathroom (0.2086953), locker_room (0.09625491), clean_room (0.055395707), dressing_room (0.018586854)",34637
4298,103152,indoor,"shower (0.9383867), bathroom (0.060183078), clean_room (0.00054899836), locker_room (0.00023503815), beauty_salon (0.00023398946)",34637
4299,103176,indoor,"shower (0.9835933), bathroom (0.012601579), clean_room (0.0014768109), beauty_salon (0.0008980773), chemistry_lab (0.00043067546)",34637
4300,103200,indoor,"shower (0.9566053), bathroom (0.038179282), clean_room (0.0027050797), beauty_salon (0.0009781196), chemistry_lab (0.00035240655)",34637
4301,103224,indoor,"bathroom (0.24593766), airplane_cabin (0.22037616), clean_room (0.18829255), shower (0.08242744), jacuzzi/indoor (0.049448613)",34637
4302,103248,indoor,"clean_room (0.25348365), laundromat (0.2323186), utility_room (0.18494713), bathroom (0.076327145), nursery (0.057434212)",34637
4303,103272,indoor,"classroom (0.31861195), lecture_room (0.21370919), computer_room (0.1134542), conference_room (0.059967406), wind_farm (0.05519222)",34637
4304,103296,indoor,"clean_room (0.50981694), computer_room (0.14610304), conference_room (0.05557077), airplane_cabin (0.03832637), laundromat (0.019732123)",34637
4305,103320,indoor,"bathroom (0.5610111), shower (0.37843913), hangar/indoor (0.017193576), operating_room (0.0078031267), runway (0.004673233)",34637
4306,103344,indoor,"shower (0.968573), bathroom (0.025632573), clean_room (0.0023683237), beauty_salon (0.0006841998), chemistry_lab (0.00036172615)",34637
4307,103368,indoor,"shower (0.95933986), bathroom (0.037003923), clean_room (0.0017594388), beauty_salon (0.00051803334), chemistry_lab (0.0003287342)",34637
4308,103392,indoor,"shower (0.64799374), bathroom (0.2341872), beauty_salon (0.021536374), airplane_cabin (0.02055752), clean_room (0.01966113)",34637
4309,103416,indoor,"clean_room (0.40625647), chemistry_lab (0.15440594), shower (0.09294918), locker_room (0.07811603), bathroom (0.048950423)",34637
4310,103440,indoor,"shower (0.24450684), clean_room (0.16199985), beauty_salon (0.14425188), bathroom (0.11062728), chemistry_lab (0.0955052)",34637
4311,103464,indoor,"shower (0.5189097), clean_room (0.29372212), chemistry_lab (0.055251632), bathroom (0.04656556), locker_room (0.037604894)",34637
4312,103488,indoor,"shower (0.4567462), discotheque (0.16097142), clean_room (0.1292083), chemistry_lab (0.056678392), stage/indoor (0.02907169)",34637
4313,103512,indoor,"discotheque (0.3860003), shower (0.23907903), chemistry_lab (0.114084825), clean_room (0.060781036), music_studio (0.051811527)",34637
4314,103536,indoor,"shower (0.386491), chemistry_lab (0.20291325), discotheque (0.11382163), biology_laboratory (0.088846646), bathroom (0.054277472)",34637
4315,103560,indoor,"shower (0.6239784), bathroom (0.36136252), airplane_cabin (0.004400757), locker_room (0.0024775136), laundromat (0.002029104)",34637
4316,103584,indoor,"bathroom (0.28851056), shower (0.22068468), chemistry_lab (0.118990645), clean_room (0.07010419), airplane_cabin (0.06908002)",34637
4317,103608,indoor,"chemistry_lab (0.40453517), shower (0.116732225), airplane_cabin (0.0977023), laundromat (0.072195426), beauty_salon (0.04414843)",34637
4318,103632,indoor,"chemistry_lab (0.49975383), clean_room (0.10065642), bathroom (0.0710075), shower (0.069451764), laundromat (0.06775228)",34637
4319,103656,indoor,"shower (0.3673313), chemistry_lab (0.16734633), laundromat (0.056570485), bathroom (0.048736475), alcove (0.043596588)",34637
4320,103680,indoor,"chemistry_lab (0.40026712), clean_room (0.105256245), laundromat (0.10105206), physics_laboratory (0.046245), pharmacy (0.038200896)",34637
4321,103704,indoor,"clean_room (0.4475631), shower (0.16524056), laundromat (0.14543347), chemistry_lab (0.09989884), bathroom (0.032046515)",34637
4322,103728,indoor,"laundromat (0.17208491), chemistry_lab (0.15293978), clean_room (0.13275935), shower (0.123331666), utility_room (0.08669849)",34637
4323,103752,indoor,"laundromat (0.4332499), utility_room (0.107328236), shower (0.08525942), airplane_cabin (0.06239444), bathroom (0.02876559)",34637
4324,103776,indoor,"shower (0.24633148), laundromat (0.13008815), clean_room (0.119640455), chemistry_lab (0.105579324), bathroom (0.07428404)",34637
4325,103800,indoor,"laundromat (0.2157673), clean_room (0.20463651), chemistry_lab (0.15771592), pharmacy (0.046319205), utility_room (0.045966987)",34637
4326,103824,indoor,"bathroom (0.15895535), shower (0.14509161), chemistry_lab (0.13583107), airport_terminal (0.057607055), drugstore (0.054336496)",34637
4327,103848,outdoor,"skyscraper (0.22277969), wind_farm (0.18681179), museum/indoor (0.08068973), tower (0.06508984), clean_room (0.054267813)",34637
4328,103872,indoor,"locker_room (0.78702325), server_room (0.12185813), bank_vault (0.027198417), shower (0.026487034), clean_room (0.006567239)",34637
4329,103896,outdoor,"snowfield (0.63151217), ice_floe (0.09713523), ice_shelf (0.04800785), ski_slope (0.033066645), elevator/door (0.020228034)",34637
4330,103920,outdoor,"snowfield (0.5381207), ice_floe (0.08768675), desert/sand (0.06601764), lake/natural (0.047869317), marsh (0.034585148)",34637
4331,103944,outdoor,"ice_shelf (0.38211375), ice_floe (0.3300592), iceberg (0.13624437), snowfield (0.064904556), igloo (0.026719237)",34637
4332,103968,outdoor,"ski_slope (0.61478025), snowfield (0.2719187), ice_shelf (0.05444996), ice_floe (0.032225206), mountain_snowy (0.008791082)",34637
4333,103992,outdoor,"ice_floe (0.38208896), ice_shelf (0.24052289), snowfield (0.20170958), ski_slope (0.13304222), sky (0.0055970596)",34637
4334,104016,indoor,"bathroom (0.6874647), shower (0.20774855), dressing_room (0.014428036), clean_room (0.012838778), beauty_salon (0.012420664)",34637
4335,104040,indoor,"clean_room (0.37766066), bathroom (0.20834616), biology_laboratory (0.104462326), dressing_room (0.061307244), shower (0.04869267)",34637
4336,104064,indoor,"bathroom (0.26205507), clean_room (0.1776359), airplane_cabin (0.14475518), shower (0.08082729), dressing_room (0.051878072)",34637
4337,104088,outdoor,"ice_shelf (0.42497298), snowfield (0.3191767), ice_floe (0.22966497), iceberg (0.009627434), shed (0.0027521732)",34637
4338,104112,outdoor,"ice_floe (0.419569), ice_shelf (0.38842258), snowfield (0.09597258), iceberg (0.035941735), ocean (0.011961096)",34637
4339,104136,outdoor,"ice_shelf (0.44740933), ice_floe (0.28284517), iceberg (0.12914126), snowfield (0.06262814), runway (0.028506856)",34637
4340,104160,outdoor,"ice_floe (0.21608695), snowfield (0.15377054), ice_shelf (0.1443564), ocean (0.094998635), harbor (0.09014668)",34637
4341,104184,outdoor,"snowfield (0.17925273), ice_shelf (0.1658492), ice_floe (0.16264743), ocean (0.1330114), beach (0.1160384)",34637
4342,104208,outdoor,"ice_floe (0.25507447), snowfield (0.21771407), ice_shelf (0.1504341), runway (0.07827414), ocean (0.060962226)",34637
4343,104232,outdoor,"runway (0.74526584), landing_deck (0.08394834), ice_floe (0.045969766), ice_shelf (0.030714976), snowfield (0.014967542)",34637
4344,104256,outdoor,"ice_floe (0.46627292), ice_shelf (0.2695854), iceberg (0.11076293), runway (0.05338063), snowfield (0.03861369)",34637
4345,104280,outdoor,"runway (0.3565065), ice_floe (0.17827578), ice_shelf (0.1532542), ocean (0.04369573), beach (0.042882632)",34637
4346,104304,outdoor,"ice_floe (0.39937225), ice_shelf (0.22552548), runway (0.14977401), iceberg (0.0770055), snowfield (0.022536863)",34637
4347,104328,outdoor,"ice_floe (0.27778915), runway (0.2717719), ice_shelf (0.19384117), iceberg (0.060257606), snowfield (0.03840089)",34637
4348,104352,outdoor,"ice_shelf (0.4616129), ice_floe (0.21206902), runway (0.15815143), iceberg (0.03552001), snowfield (0.02906342)",34637
4349,104376,outdoor,"runway (0.34472114), ice_shelf (0.26533628), ice_floe (0.23002568), iceberg (0.058105547), landing_deck (0.024848837)",34637
4350,104400,outdoor,"ice_shelf (0.44281632), iceberg (0.34782484), ice_floe (0.17118864), snowfield (0.015354714), glacier (0.005218373)",34637
4351,104424,outdoor,"iceberg (0.82098603), ice_shelf (0.087159164), ice_floe (0.0684218), glacier (0.011253946), snowfield (0.0056263637)",34637
4352,104448,outdoor,"iceberg (0.5872842), ice_shelf (0.3815326), ice_floe (0.022665577), glacier (0.0044582924), snowfield (0.0016700209)",34637
4353,104472,outdoor,"ice_shelf (0.3774722), runway (0.29374948), ice_floe (0.15761423), iceberg (0.09904448), landing_deck (0.028747272)",34637
4354,104496,outdoor,"iceberg (0.39550254), ice_shelf (0.33586454), ocean (0.05415458), runway (0.052602272), ice_floe (0.03754238)",34637
4355,104520,outdoor,"iceberg (0.21526437), ocean (0.118641295), hot_spring (0.11355466), ice_shelf (0.10917519), coast (0.06621374)",34637
4356,104544,outdoor,"iceberg (0.14957479), ice_shelf (0.14361916), sky (0.13377011), ocean (0.10267044), hot_spring (0.08746287)",34637
4357,104568,outdoor,"ice_shelf (0.27122703), hot_spring (0.21673323), iceberg (0.18678014), ice_floe (0.13281618), ocean (0.050944168)",34637
4358,104592,outdoor,"ice_floe (0.19589354), ocean (0.13069686), ice_shelf (0.122150585), iceberg (0.10892018), hot_spring (0.099036194)",34637
4359,104616,outdoor,"ice_floe (0.28321445), ice_shelf (0.22692835), sky (0.17733945), iceberg (0.0695543), hot_spring (0.06532813)",34637
4360,104640,outdoor,"ice_floe (0.30827096), iceberg (0.17013578), sky (0.1056256), ice_shelf (0.10464862), snowfield (0.07869472)",34637
4361,104664,outdoor,"ice_floe (0.2281597), iceberg (0.17761403), ice_shelf (0.11532869), sky (0.09745486), snowfield (0.054098178)",34637
4362,104688,outdoor,"ice_shelf (0.23029967), ice_floe (0.21315107), snowfield (0.12091588), iceberg (0.103541486), glacier (0.08366984)",34637
4363,104712,outdoor,"ice_floe (0.49052715), snowfield (0.25825801), ice_shelf (0.13547163), wave (0.015600543), ski_slope (0.014037342)",34637
4364,104736,outdoor,"snowfield (0.8300187), ice_floe (0.08107909), ice_shelf (0.03571754), mountain_snowy (0.020514518), ski_slope (0.00906184)",34637
4365,104760,outdoor,"snowfield (0.56233907), ice_floe (0.26344588), ice_shelf (0.032603484), iceberg (0.018954054), lake/natural (0.017975057)",34637
4366,104784,outdoor,"ice_floe (0.41942802), ice_shelf (0.32196745), iceberg (0.14192091), snowfield (0.020612104), glacier (0.009326566)",34637
4367,104808,outdoor,"ice_floe (0.79681826), ice_shelf (0.1384698), ski_slope (0.011800645), iceberg (0.01163348), shower (0.0060099866)",34637
4368,104832,outdoor,"ice_floe (0.42164025), sky (0.113102354), ice_shelf (0.07530994), bridge (0.051054563), water_tower (0.03201921)",34637
4369,104856,outdoor,"ski_slope (0.53627163), ice_shelf (0.19623815), snowfield (0.11303462), ice_floe (0.08082157), mountain_snowy (0.022050552)",34637
4370,104880,indoor,"office_cubicles (0.14684759), office (0.118294716), jewelry_shop (0.11081108), beauty_salon (0.06664252), home_office (0.064512916)",34637
4371,104904,indoor,"jewelry_shop (0.13189001), beauty_salon (0.090860195), clean_room (0.08980643), bathroom (0.067216195), biology_laboratory (0.06089928)",34637
4372,104928,indoor,"dressing_room (0.122173354), bathroom (0.10672361), clean_room (0.10125291), beauty_salon (0.09662173), office_cubicles (0.08902127)",34637
4373,104952,outdoor,"ice_floe (0.5588209), crevasse (0.12581417), glacier (0.09209415), snowfield (0.058266852), sky (0.042016976)",34637
4374,104976,outdoor,"sky (0.8657578), airfield (0.01954738), ice_floe (0.01347735), snowfield (0.012659167), glacier (0.0106906295)",34637
4375,105000,indoor,"shower (0.9106244), sky (0.033352006), closet (0.019443816), elevator/door (0.005967807), airfield (0.005188885)",34637
4376,105024,indoor,"clean_room (0.15561555), elevator/door (0.08336154), airport_terminal (0.06697589), waiting_room (0.062381238), parking_garage/indoor (0.045066677)",34637
4377,105048,outdoor,"ice_floe (0.31659037), iceberg (0.28083897), ice_shelf (0.06801114), jacuzzi/indoor (0.054058272), aquarium (0.027373724)",34637
4378,105072,indoor,"ice_floe (0.27666527), iceberg (0.18837483), aquarium (0.17751093), shower (0.1327942), jacuzzi/indoor (0.053470936)",34637
4379,105096,indoor,"aquarium (0.19769385), shower (0.18071629), junkyard (0.13729282), ice_floe (0.09425938), bathroom (0.047202405)",34637
4380,105120,outdoor,"ice_floe (0.46535745), iceberg (0.15958798), ice_shelf (0.06394605), shower (0.040443543), clean_room (0.032582253)",34637
4381,105144,outdoor,"iceberg (0.44276658), ice_floe (0.18238206), aquarium (0.07371526), ice_shelf (0.06068419), clean_room (0.035356358)",34637
4382,105168,outdoor,"iceberg (0.6939117), ice_floe (0.16357031), ice_shelf (0.10244777), glacier (0.009441167), crevasse (0.008924765)",34637
4383,105192,outdoor,"aquarium (0.18832588), iceberg (0.18439038), clean_room (0.15606289), ice_floe (0.10772848), underwater/ocean_deep (0.04425732)",34637
4384,105216,indoor,"jacuzzi/indoor (0.15812512), clean_room (0.120129064), aquarium (0.08564621), operating_room (0.07515814), beauty_salon (0.046484347)",34637
4385,105240,outdoor,"snowfield (0.36879677), orchard (0.1629342), ice_floe (0.13925727), tree_farm (0.10598257), ice_shelf (0.047456004)",34637
4386,105264,outdoor,"ice_floe (0.25017318), ice_shelf (0.24570385), snowfield (0.17429575), orchard (0.16360009), tree_farm (0.038701285)",34637
4387,105288,outdoor,"ice_floe (0.37487864), orchard (0.20243505), ice_shelf (0.11146958), pond (0.03344442), tree_farm (0.029834665)",34637
4388,105312,outdoor,"orchard (0.43857774), sky (0.14029568), shower (0.12101489), ice_floe (0.07342143), tree_farm (0.02292493)",34637
4389,105336,outdoor,"ice_floe (0.12983277), cemetery (0.12653224), discotheque (0.08995483), orchard (0.08626), underwater/ocean_deep (0.08148192)",34637
4390,105360,outdoor,"wind_farm (0.37805495), ice_floe (0.20395525), iceberg (0.14011931), sky (0.07439354), runway (0.058984138)",34637
4391,105384,outdoor,"runway (0.2246366), iceberg (0.20425013), sky (0.18985969), ice_floe (0.16797648), airfield (0.07092841)",34637
4392,105408,outdoor,"iceberg (0.57618856), ice_floe (0.29534152), ice_shelf (0.04130666), sky (0.038026955), glacier (0.011147519)",34637
4393,105432,outdoor,"iceberg (0.75687474), ice_floe (0.10038333), sky (0.0632195), ice_shelf (0.03323174), runway (0.015245187)",34637
4394,105456,outdoor,"iceberg (0.54808104), sky (0.25761566), ice_floe (0.10122769), ice_shelf (0.015821256), runway (0.015627898)",34637
4395,105480,outdoor,"iceberg (0.8627507), ice_floe (0.07472501), ice_shelf (0.025725333), crevasse (0.008132627), glacier (0.007854385)",34637
4396,105504,indoor,"dressing_room (0.19325998), discotheque (0.15354723), clean_room (0.15098429), stage/indoor (0.05462909), natural_history_museum (0.04483926)",34637
4397,105528,indoor,"clean_room (0.2232858), discotheque (0.08233166), playroom (0.05574197), dressing_room (0.04363638), nursery (0.042258937)",34637
4398,105552,indoor,"clean_room (0.49758756), dressing_room (0.13247715), shower (0.0664983), museum/indoor (0.023933202), basement (0.018829398)",34637
4399,105576,indoor,"clean_room (0.30066472), basement (0.08383217), music_studio (0.08195802), natural_history_museum (0.056713738), airplane_cabin (0.053500995)",34637
4400,105600,indoor,"clean_room (0.47777647), basement (0.07672915), archive (0.0444431), music_studio (0.04138134), natural_history_museum (0.039211135)",34637
4401,105624,indoor,"clean_room (0.44656965), natural_history_museum (0.1286259), archive (0.060387712), basement (0.054625623), museum/indoor (0.0459814)",34637
4402,105648,indoor,"clean_room (0.60831946), natural_history_museum (0.052416187), art_gallery (0.04007957), archive (0.0394404), museum/indoor (0.039080665)",34637
4403,105672,indoor,"clean_room (0.62705344), archive (0.07359504), natural_history_museum (0.07241426), museum/indoor (0.039845224), science_museum (0.02648613)",34637
4404,105696,indoor,"clean_room (0.6930476), archive (0.06365256), natural_history_museum (0.042678308), museum/indoor (0.024400346), science_museum (0.020770174)",34637
4405,105720,indoor,"clean_room (0.6227243), natural_history_museum (0.07876639), archive (0.07640543), museum/indoor (0.028372185), science_museum (0.027314633)",34637
4406,105744,indoor,"clean_room (0.69808656), basement (0.062836416), archive (0.047137313), dressing_room (0.035413537), server_room (0.020949237)",34637
4407,105768,indoor,"clean_room (0.7350562), dressing_room (0.045647446), basement (0.030057164), archive (0.026140252), shower (0.022375688)",34637
4408,105792,indoor,"clean_room (0.57337797), basement (0.110924274), dressing_room (0.09346963), shower (0.034442957), discotheque (0.02948367)",34637
4409,105816,indoor,"clean_room (0.8718773), archive (0.019217966), basement (0.018939082), dressing_room (0.01794935), physics_laboratory (0.010107366)",34637
4410,105840,indoor,"clean_room (0.8815279), archive (0.022992551), basement (0.012594158), dressing_room (0.011966081), shower (0.007755218)",34637
4411,105864,indoor,"clean_room (0.9122182), archive (0.014995893), dressing_room (0.012610214), basement (0.00721964), shower (0.00590662)",34637
4412,105888,indoor,"clean_room (0.94741803), archive (0.009175206), dressing_room (0.008771598), physics_laboratory (0.0057518748), shower (0.0034536056)",34637
4413,105912,indoor,"clean_room (0.94294643), dressing_room (0.013243559), archive (0.007871266), shower (0.0056245737), basement (0.0048491987)",34637
4414,105936,indoor,"clean_room (0.8802283), dressing_room (0.02631038), basement (0.0100174), archive (0.009979335), discotheque (0.007991101)",34637
4415,105960,indoor,"clean_room (0.9148167), shower (0.023340818), dressing_room (0.022150548), locker_room (0.007032548), physics_laboratory (0.004405778)",34637
4416,105984,indoor,"clean_room (0.9405936), dressing_room (0.011465667), shower (0.009072113), airplane_cabin (0.0052192197), archive (0.0051033753)",34637
4417,106008,indoor,"clean_room (0.2113899), dressing_room (0.20786029), discotheque (0.18845029), shower (0.11390282), music_studio (0.04734692)",34637
4418,106032,indoor,"discotheque (0.4274715), clean_room (0.18327968), shower (0.09178656), stage/indoor (0.026366662), music_studio (0.018907191)",34637
4419,106056,indoor,"clean_room (0.29575178), shower (0.080971874), archive (0.071465194), basement (0.06703904), dressing_room (0.058688145)",34637
4420,106080,indoor,"clean_room (0.7956079), dressing_room (0.06155758), locker_room (0.019872384), basement (0.018399943), server_room (0.016736012)",34637
4421,106104,indoor,"clean_room (0.9288818), dressing_room (0.015382853), archive (0.007650668), basement (0.0074915583), shower (0.0063223043)",34637
4422,106128,indoor,"clean_room (0.9266005), dressing_room (0.015513479), archive (0.012972471), basement (0.010953857), shower (0.005332108)",34637
4423,106152,indoor,"clean_room (0.4118947), museum/indoor (0.12464355), natural_history_museum (0.053541563), archive (0.047741402), art_gallery (0.04579716)",34637
4424,106176,indoor,"clean_room (0.47922245), museum/indoor (0.13135879), discotheque (0.07249211), archive (0.032625962), music_studio (0.03186853)",34637
4425,106200,indoor,"clean_room (0.8784789), music_studio (0.01752621), archive (0.013509097), museum/indoor (0.010471606), discotheque (0.0084154)",34637
4426,106224,indoor,"clean_room (0.93098295), archive (0.011986969), music_studio (0.006634306), server_room (0.006495739), physics_laboratory (0.005207585)",34637
4427,106248,indoor,"clean_room (0.84476817), music_studio (0.024376247), discotheque (0.015383175), archive (0.01476468), basement (0.009238734)",34637
4428,106272,outdoor,"ice_floe (0.36700073), sky (0.23956582), runway (0.11993991), iceberg (0.1041909), ice_shelf (0.056799453)",34637
4429,106296,outdoor,"ice_floe (0.30218118), iceberg (0.2542903), runway (0.15144598), ice_shelf (0.12906854), sky (0.06446092)",34637
4430,106320,outdoor,"ice_floe (0.26804575), iceberg (0.20783353), runway (0.14498371), sky (0.10791808), ice_shelf (0.10243724)",34637
4431,106344,outdoor,"iceberg (0.49315256), ice_floe (0.2026973), ice_shelf (0.10335512), sky (0.07986504), glacier (0.049983464)",34637
4432,106368,outdoor,"iceberg (0.3727485), ice_floe (0.32664204), ice_shelf (0.09213291), sky (0.054925267), glacier (0.040584996)",34637
4433,106392,outdoor,"ice_floe (0.5606925), ice_shelf (0.12750024), igloo (0.08560149), iceberg (0.052851867), clean_room (0.030567551)",34637
4434,106416,outdoor,"iceberg (0.4950776), ice_floe (0.20062876), ice_shelf (0.058237147), natural_history_museum (0.051114075), aquarium (0.043246116)",34637
4435,106440,indoor,"jacuzzi/indoor (0.3962171), airplane_cabin (0.14635015), aquarium (0.09801311), shower (0.045200545), bathroom (0.033032704)",34637
4436,106464,indoor,"shower (0.29842213), jacuzzi/indoor (0.27292094), bathroom (0.11728414), airplane_cabin (0.04856795), aquarium (0.044542536)",34637
4437,106488,indoor,"shower (0.7435316), clean_room (0.049927086), bathroom (0.044170134), jacuzzi/indoor (0.037137773), science_museum (0.024055686)",34637
4438,106512,indoor,"airplane_cabin (0.5110166), science_museum (0.05375709), jacuzzi/indoor (0.034515616), auto_factory (0.032933947), bathroom (0.029903753)",34637
4439,106536,outdoor,"airplane_cabin (0.20451447), iceberg (0.16518472), clean_room (0.122095264), ice_floe (0.08349997), ice_shelf (0.06543805)",34637
4440,106560,indoor,"clean_room (0.9710152), airplane_cabin (0.0057982295), office_cubicles (0.0051428336), airport_terminal (0.0037478155), bathroom (0.0017397541)",34637
4441,106584,indoor,"shower (0.6865589), bathroom (0.194773), aquarium (0.027182093), clean_room (0.018201118), operating_room (0.00774929)",34637
4442,106608,outdoor,"snowfield (0.44941732), ice_shelf (0.1156716), ice_floe (0.0985336), runway (0.0847449), ski_slope (0.030123474)",34637
4443,106632,outdoor,"shower (0.900985), bathroom (0.037575066), sky (0.016518127), airfield (0.012493724), runway (0.007171266)",34637
4444,106656,outdoor,"sky (0.48760113), shower (0.27023283), runway (0.054324735), airfield (0.025980465), underwater/ocean_deep (0.021914344)",34637
4445,106680,outdoor,"sky (0.5005976), shower (0.11060205), ice_floe (0.065373875), underwater/ocean_deep (0.05773919), runway (0.050573125)",34637
4446,106704,indoor,"museum/indoor (0.3617226), natural_history_museum (0.1882798), art_gallery (0.090873554), science_museum (0.088788435), archive (0.06389211)",34637
4447,106728,indoor,"museum/indoor (0.24261616), classroom (0.15168463), natural_history_museum (0.1172535), lecture_room (0.08963081), science_museum (0.062383898)",34637
4448,106752,indoor,"clean_room (0.2893656), museum/indoor (0.24477166), conference_room (0.06541346), natural_history_museum (0.041556373), archive (0.02977972)",34637
4449,106776,indoor,"clean_room (0.20074254), lecture_room (0.1709927), museum/indoor (0.15604873), classroom (0.122192144), reception (0.0362428)",34637
4450,106800,indoor,"clean_room (0.38660535), archive (0.14860284), museum/indoor (0.08305615), classroom (0.07431177), lecture_room (0.03624923)",34637
4451,106824,indoor,"clean_room (0.25927013), museum/indoor (0.12637082), archive (0.08044501), runway (0.038704723), classroom (0.035714537)",34637
4452,106848,indoor,"clean_room (0.4385385), museum/indoor (0.1662515), archive (0.05907078), lecture_room (0.038076945), science_museum (0.03331683)",34637
4453,106872,indoor,"clean_room (0.43241665), museum/indoor (0.21095335), archive (0.08190841), discotheque (0.029905088), science_museum (0.028089613)",34637
4454,106896,indoor,"clean_room (0.3194761), discotheque (0.20977026), museum/indoor (0.12800273), stage/indoor (0.064255655), music_studio (0.03412514)",34637
4455,106920,indoor,"runway (0.4370325), clean_room (0.12260544), discotheque (0.119343996), landing_deck (0.046349045), museum/indoor (0.02584702)",34637
4456,106944,indoor,"clean_room (0.49965423), museum/indoor (0.08116204), archive (0.054447595), runway (0.03641194), discotheque (0.03533201)",34637
4457,106968,outdoor,"iceberg (0.39921382), sky (0.22770761), hot_spring (0.12346868), glacier (0.060646184), ice_floe (0.058478646)",34637
4458,106992,outdoor,"sky (0.48036173), hot_spring (0.22972608), ice_floe (0.068860464), iceberg (0.051652078), glacier (0.029573899)",34637
4459,107016,outdoor,"sky (0.4345273), ice_floe (0.24762586), iceberg (0.15714605), airfield (0.061401926), runway (0.021326732)",34637
4460,107040,outdoor,"iceberg (0.6599916), ice_floe (0.11564058), sky (0.0567551), hot_spring (0.04545156), ice_shelf (0.038762495)",34637
4461,107064,outdoor,"runway (0.2738166), iceberg (0.20637521), airfield (0.121991165), ice_floe (0.1178122), sky (0.114801146)",34637
4462,107088,indoor,"archive (0.26142305), museum/indoor (0.19052516), ice_shelf (0.10605759), schoolhouse (0.07546873), discotheque (0.046520106)",34637
4463,107112,indoor,"archive (0.25644436), museum/indoor (0.15666297), ice_shelf (0.13018036), discotheque (0.08127622), stage/indoor (0.05068039)",34637
4464,107136,indoor,"archive (0.21857892), discotheque (0.13848487), ice_shelf (0.1334716), museum/indoor (0.10302344), stage/indoor (0.07627699)",34637
4465,107160,indoor,"discotheque (0.19787711), archive (0.12097692), ice_shelf (0.11983324), museum/indoor (0.07868741), stage/indoor (0.07721363)",34637
4466,107184,indoor,"ice_shelf (0.07495386), archive (0.06252004), museum/indoor (0.060471863), corn_field (0.05001052), discotheque (0.045449395)",34637
4467,107208,indoor,"ice_shelf (0.1451051), museum/indoor (0.14329153), archive (0.088092856), discotheque (0.0758701), stage/indoor (0.05543488)",34637
4468,107232,indoor,"ice_shelf (0.36197528), archive (0.15549593), museum/indoor (0.11625822), shower (0.051757686), corn_field (0.050656453)",34637
4469,107256,indoor,"museum/indoor (0.23135652), discotheque (0.13505334), ice_shelf (0.12855469), archive (0.11419756), stage/indoor (0.07721105)",34637
4470,107280,outdoor,"corn_field (0.17855372), ice_shelf (0.13921534), field/cultivated (0.06512036), ice_floe (0.058350693), museum/indoor (0.052703444)",34637
4471,107304,outdoor,"cemetery (0.12865868), ice_shelf (0.120030805), museum/indoor (0.10442484), archive (0.10434038), corn_field (0.087287545)",34637
4472,107328,indoor,"ice_shelf (0.1750958), discotheque (0.14595395), shower (0.09487537), archive (0.08482946), ice_floe (0.07318463)",34637
4473,107352,outdoor,"ice_shelf (0.23220952), discotheque (0.11227472), ice_floe (0.07955808), shower (0.06622311), cemetery (0.06480984)",34637
4474,107376,outdoor,"museum/indoor (0.18704765), ice_shelf (0.17081745), cemetery (0.13581724), archive (0.10182696), ice_floe (0.048375938)",34637
4475,107400,outdoor,"ice_shelf (0.30597818), archive (0.09586133), museum/indoor (0.08705832), ice_floe (0.07887301), cemetery (0.0723315)",34637
4476,107424,outdoor,"ice_shelf (0.14026201), cemetery (0.12577814), discotheque (0.12292351), corn_field (0.09498077), stage/indoor (0.0931394)",34637
4477,107448,indoor,"museum/indoor (0.17458163), archive (0.1206333), corn_field (0.10663049), discotheque (0.07811266), cemetery (0.07764535)",34637
4478,107472,indoor,"museum/indoor (0.19134815), ice_shelf (0.1457991), archive (0.12523338), discotheque (0.085778125), shower (0.07462984)",34637
4479,107496,outdoor,"museum/indoor (0.22226122), ice_shelf (0.1950869), schoolhouse (0.14082725), archive (0.1243603), ice_floe (0.042763945)",34637
4480,107520,outdoor,"sky (0.59718114), runway (0.19312066), airfield (0.16291775), landing_deck (0.014579311), iceberg (0.0075098625)",34637
4481,107544,outdoor,"sky (0.80272883), airfield (0.12349083), runway (0.037726637), iceberg (0.0071086837), ice_floe (0.006331374)",34637
4482,107568,outdoor,"iceberg (0.29838875), sky (0.26284167), runway (0.2044974), airfield (0.10321987), ice_shelf (0.033233732)",34637
4483,107592,indoor,"discotheque (0.25000256), classroom (0.11297841), basement (0.08226773), chemistry_lab (0.059298217), archive (0.05555122)",34637
4484,107616,indoor,"discotheque (0.35362956), museum/indoor (0.17990649), natural_history_museum (0.06626856), science_museum (0.048179574), stage/indoor (0.03416168)",34637
4485,107640,indoor,"natural_history_museum (0.36235297), museum/indoor (0.1733033), discotheque (0.110449135), science_museum (0.09705297), nursery (0.039067186)",34637
4486,107664,indoor,"museum/indoor (0.16423036), natural_history_museum (0.1459847), archive (0.115432516), clean_room (0.07958887), discotheque (0.07098527)",34637
4487,107688,indoor,"museum/indoor (0.27863044), natural_history_museum (0.115913644), science_museum (0.06804912), discotheque (0.060491715), archive (0.055280693)",34637
4488,107712,indoor,"museum/indoor (0.46396407), archive (0.14754446), natural_history_museum (0.12659082), science_museum (0.06534072), clean_room (0.059980944)",34637
4489,107736,indoor,"museum/indoor (0.3778224), natural_history_museum (0.21969125), archive (0.11287876), science_museum (0.098995045), nursery (0.034321345)",34637
4490,107760,indoor,"museum/indoor (0.41053155), archive (0.12742126), natural_history_museum (0.11074498), science_museum (0.06857936), art_gallery (0.03201685)",34637
4491,107784,indoor,"museum/indoor (0.4625247), natural_history_museum (0.27635893), science_museum (0.084333435), art_gallery (0.06995924), clean_room (0.030828232)",34637
4492,107808,indoor,"museum/indoor (0.47651103), natural_history_museum (0.26147428), art_gallery (0.14261915), science_museum (0.07444594), archive (0.023732595)",34637
4493,107832,indoor,"natural_history_museum (0.38334388), museum/indoor (0.31736255), science_museum (0.14791815), archive (0.04445427), art_gallery (0.039311912)",34637
4494,107856,indoor,"discotheque (0.1834385), classroom (0.11172135), music_studio (0.07178169), archive (0.058075584), clean_room (0.053166416)",34637
4495,107880,indoor,"discotheque (0.25982216), classroom (0.13074988), stage/indoor (0.10873557), museum/indoor (0.07599795), lecture_room (0.04559416)",34637
4496,107904,indoor,"discotheque (0.29313925), stage/indoor (0.09719341), classroom (0.07714544), music_studio (0.069024384), clean_room (0.060945004)",34637
4497,107928,indoor,"discotheque (0.24527755), classroom (0.13114795), clean_room (0.105099924), chemistry_lab (0.07784648), music_studio (0.05993332)",34637
4498,107952,indoor,"classroom (0.3774803), discotheque (0.12912768), lecture_room (0.106958754), archive (0.034349866), kindergarden_classroom (0.032440238)",34637
4499,107976,indoor,"classroom (0.25051743), lecture_room (0.16287865), chemistry_lab (0.094785556), clean_room (0.04020545), restaurant (0.03105429)",34637
4500,108000,indoor,"museum/indoor (0.17977335), television_studio (0.10154491), discotheque (0.08347864), science_museum (0.05815384), music_studio (0.055313017)",34637
4501,108024,indoor,"museum/indoor (0.20390946), discotheque (0.17814852), stage/indoor (0.12160567), science_museum (0.07472606), music_studio (0.073234476)",34637
4502,108048,indoor,"museum/indoor (0.5325914), science_museum (0.11332509), art_gallery (0.08907594), stage/indoor (0.05069212), discotheque (0.038981665)",34637
4503,108072,indoor,"museum/indoor (0.1848568), science_museum (0.15675178), natural_history_museum (0.08542659), art_gallery (0.081720345), archive (0.06074012)",34637
4504,108096,indoor,"classroom (0.23737298), museum/indoor (0.09814268), lecture_room (0.081900544), discotheque (0.047693413), art_studio (0.047437504)",34637
4505,108120,indoor,"classroom (0.21946132), clean_room (0.13074811), discotheque (0.083089694), lecture_room (0.07245761), nursery (0.046609364)",34637
4506,108144,indoor,"classroom (0.19160783), discotheque (0.1535265), clean_room (0.11728882), lecture_room (0.058771696), music_studio (0.048312567)",34637
4507,108168,indoor,"classroom (0.19968027), clean_room (0.1501633), discotheque (0.1301306), lecture_room (0.06741899), nursery (0.043600515)",34637
4508,108192,indoor,"discotheque (0.25868037), classroom (0.13964199), clean_room (0.06830738), stage/indoor (0.06419749), music_studio (0.059090424)",34637
4509,108216,outdoor,"sky (0.26497293), iceberg (0.15913415), hot_spring (0.10155024), glacier (0.06628797), shower (0.058575436)",34637
4510,108240,outdoor,"sky (0.65030444), ice_floe (0.058292106), airfield (0.045081392), hot_spring (0.036931783), wind_farm (0.027451443)",34637
4511,108264,outdoor,"sky (0.34885475), airfield (0.1647408), runway (0.14495449), iceberg (0.12688294), ice_floe (0.09361848)",34637
4512,108288,indoor,"ice_shelf (0.17882006), ice_floe (0.1314816), museum/indoor (0.12942624), stage/indoor (0.08649664), shower (0.04951991)",34637
4513,108312,outdoor,"ice_shelf (0.24348666), archive (0.15194082), ice_floe (0.13014518), museum/indoor (0.12669744), cemetery (0.07437969)",34637
4514,108336,outdoor,"ice_shelf (0.24480027), museum/indoor (0.23460405), archive (0.14613928), ice_floe (0.093772516), cemetery (0.04375722)",34637
4515,108360,outdoor,"museum/indoor (0.4107404), archive (0.15955925), ice_shelf (0.108001694), ice_floe (0.04612772), cemetery (0.040030565)",34637
4516,108384,outdoor,"iceberg (0.35736623), ice_floe (0.28821167), sky (0.08991347), ice_shelf (0.05649197), runway (0.042707447)",34637
4517,108408,outdoor,"iceberg (0.39641488), ice_floe (0.35907316), ice_shelf (0.105797), runway (0.07272203), airfield (0.021357208)",34637
4518,108432,outdoor,"runway (0.34360525), ice_floe (0.22327262), iceberg (0.20677027), airfield (0.085772544), ice_shelf (0.056762088)",34637
4519,108456,indoor,"clean_room (0.28693423), classroom (0.15146625), lecture_room (0.08815447), archive (0.04787444), nursery (0.04585832)",34637
4520,108480,indoor,"discotheque (0.16756298), clean_room (0.15416454), classroom (0.13729173), lecture_room (0.0852597), stage/indoor (0.057703797)",34637
4521,108504,indoor,"classroom (0.21128446), lecture_room (0.12937526), clean_room (0.11863519), discotheque (0.06657985), science_museum (0.044468258)",34637
4522,108528,indoor,"clean_room (0.13490234), discotheque (0.09865931), museum/indoor (0.089271195), classroom (0.0723601), stage/indoor (0.0692564)",34637
4523,108552,indoor,"museum/indoor (0.3359389), classroom (0.1618212), archive (0.08247813), clean_room (0.05088299), lecture_room (0.049068835)",34637
4524,108576,indoor,"museum/indoor (0.5667426), natural_history_museum (0.25292477), science_museum (0.10898147), art_gallery (0.030859565), archive (0.006888813)",34637
4525,108600,indoor,"museum/indoor (0.54025835), natural_history_museum (0.32112288), science_museum (0.07955181), art_gallery (0.025216583), archive (0.0077460646)",34637
4526,108624,indoor,"museum/indoor (0.670367), natural_history_museum (0.223227), science_museum (0.059456598), art_gallery (0.017433625), clean_room (0.0057111513)",34637
4527,108648,indoor,"museum/indoor (0.5212403), science_museum (0.14740993), natural_history_museum (0.13815579), clean_room (0.063605584), art_gallery (0.041431002)",34637
4528,108672,indoor,"natural_history_museum (0.40217716), science_museum (0.14408323), art_gallery (0.11386675), museum/indoor (0.1128145), clean_room (0.09006606)",34637
4529,108696,indoor,"natural_history_museum (0.21373992), science_museum (0.19312371), museum/indoor (0.16503315), art_gallery (0.15029491), shoe_shop (0.10296916)",34637
4530,108720,indoor,"natural_history_museum (0.28105325), museum/indoor (0.16716836), science_museum (0.14886877), art_gallery (0.13509306), clean_room (0.05958821)",34637
4531,108744,indoor,"natural_history_museum (0.26208156), museum/indoor (0.1722386), science_museum (0.14108674), art_gallery (0.1397619), clean_room (0.093286805)",34637
4532,108768,indoor,"natural_history_museum (0.3653012), museum/indoor (0.28506774), science_museum (0.14783409), art_gallery (0.13289717), shoe_shop (0.0268575)",34637
4533,108792,indoor,"museum/indoor (0.45845562), art_gallery (0.2273599), natural_history_museum (0.16733989), science_museum (0.07184438), clean_room (0.02971349)",34637
4534,108816,indoor,"museum/indoor (0.3382758), art_gallery (0.30484986), natural_history_museum (0.14106719), science_museum (0.08298577), clean_room (0.024115367)",34637
4535,108840,indoor,"museum/indoor (0.48396963), art_gallery (0.17420033), natural_history_museum (0.13763635), clean_room (0.04991051), science_museum (0.04688167)",34637
4536,108864,indoor,"museum/indoor (0.5000611), natural_history_museum (0.2824475), science_museum (0.09359641), art_gallery (0.06393046), archive (0.023520945)",34637
4537,108888,indoor,"museum/indoor (0.53425854), art_gallery (0.14004944), natural_history_museum (0.13683665), science_museum (0.056557465), archive (0.037665658)",34637
4538,108912,indoor,"museum/indoor (0.47765607), natural_history_museum (0.14019911), art_gallery (0.1400735), archive (0.050950557), science_museum (0.043442722)",34637
4539,108936,indoor,"museum/indoor (0.28572187), clean_room (0.18677492), art_gallery (0.12938976), natural_history_museum (0.08366022), archive (0.058481272)",34637
4540,108960,indoor,"museum/indoor (0.17602803), clean_room (0.16699775), science_museum (0.09757378), archive (0.080337204), natural_history_museum (0.0664543)",34637
4541,108984,indoor,"museum/indoor (0.2463371), discotheque (0.08463744), science_museum (0.0723609), nursery (0.06011839), natural_history_museum (0.052989062)",34637
4542,109008,indoor,"museum/indoor (0.21414752), science_museum (0.10524442), archive (0.094194494), clean_room (0.048641954), discotheque (0.045074232)",34637
4543,109032,indoor,"museum/indoor (0.5234351), natural_history_museum (0.06344686), archive (0.057973776), science_museum (0.051778436), classroom (0.04585959)",34637
4544,109056,indoor,"museum/indoor (0.36142546), natural_history_museum (0.24556297), science_museum (0.098758854), nursery (0.07211735), art_gallery (0.043220446)",34637
4545,109080,indoor,"museum/indoor (0.24114293), art_gallery (0.1085345), natural_history_museum (0.08368432), archive (0.071662806), science_museum (0.06556917)",34637
4546,109104,indoor,"museum/indoor (0.5162428), natural_history_museum (0.16844377), art_gallery (0.16044807), science_museum (0.063862324), archive (0.013981342)",34637
4547,109128,indoor,"museum/indoor (0.36296135), art_gallery (0.19895373), natural_history_museum (0.13802432), science_museum (0.07456398), shoe_shop (0.039669238)",34637
4548,109152,indoor,"museum/indoor (0.21859424), clean_room (0.17349645), art_gallery (0.11730986), science_museum (0.067157716), natural_history_museum (0.042896375)",34637
4549,109176,indoor,"museum/indoor (0.3137195), art_gallery (0.14483552), clean_room (0.13045251), natural_history_museum (0.09856891), science_museum (0.06687007)",34637
4550,109200,indoor,"dressing_room (0.62971604), shower (0.18181296), museum/indoor (0.07170904), discotheque (0.03905693), elevator/door (0.021601586)",34637
4551,109224,indoor,"dressing_room (0.6694247), museum/indoor (0.125735), shower (0.09436949), art_gallery (0.034517262), elevator/door (0.021697324)",34637
4552,109248,indoor,"dressing_room (0.6579732), museum/indoor (0.1500482), art_gallery (0.056824163), shower (0.046112064), elevator/door (0.020877305)",34637
4553,109272,indoor,"museum/indoor (0.39065918), discotheque (0.1965319), art_gallery (0.12696084), science_museum (0.045734506), shower (0.043513402)",34637
4554,109296,indoor,"museum/indoor (0.565239), art_gallery (0.12332674), science_museum (0.051926237), discotheque (0.0360461), clean_room (0.03205308)",34637
4555,109320,indoor,"museum/indoor (0.49557284), art_gallery (0.16195036), science_museum (0.07538171), discotheque (0.0525987), clean_room (0.024514051)",34637
4556,109344,indoor,"discotheque (0.77225816), dressing_room (0.08940697), clean_room (0.026569434), airplane_cabin (0.015583538), stage/indoor (0.013950369)",34637
4557,109368,indoor,"discotheque (0.84186196), dressing_room (0.12463901), art_gallery (0.004279776), science_museum (0.004181022), stage/indoor (0.0040336964)",34637
4558,109392,indoor,"discotheque (0.8881636), dressing_room (0.07023906), airplane_cabin (0.011481717), stage/indoor (0.006559696), music_studio (0.004804553)",34637
4559,109416,indoor,"discotheque (0.84234315), dressing_room (0.08750696), airplane_cabin (0.014484042), music_studio (0.012773398), stage/indoor (0.010420523)",34637
4560,109440,indoor,"museum/indoor (0.41959944), art_gallery (0.22885159), discotheque (0.07816519), science_museum (0.038552817), clean_room (0.030488353)",34637
4561,109464,indoor,"discotheque (0.47931096), dressing_room (0.12109278), art_gallery (0.086278565), museum/indoor (0.085654914), airplane_cabin (0.043847196)",34637
4562,109488,indoor,"museum/indoor (0.69235784), art_gallery (0.06187878), dressing_room (0.046439834), shower (0.040080093), boxing_ring (0.028182685)",34637
4563,109512,indoor,"museum/indoor (0.5426409), shower (0.20701721), art_gallery (0.03866257), dressing_room (0.03003633), airport_terminal (0.026407408)",34637
4564,109536,indoor,"museum/indoor (0.8751466), art_gallery (0.0988531), dressing_room (0.0063030836), shower (0.005344029), archive (0.0025507375)",34637
4565,109560,indoor,"museum/indoor (0.4653244), art_gallery (0.1415935), dressing_room (0.13854796), shower (0.085728765), discotheque (0.029040731)",34637
4566,109584,indoor,"museum/indoor (0.30937806), dressing_room (0.24943458), art_gallery (0.22868285), shower (0.067279), archive (0.023751294)",34637
4567,109608,indoor,"art_gallery (0.4075825), museum/indoor (0.19912522), dressing_room (0.19620226), shower (0.028949082), archive (0.027706305)",34637
4568,109632,indoor,"discotheque (0.52784216), dressing_room (0.08603907), museum/indoor (0.0586158), art_gallery (0.048232134), iceberg (0.038344793)",34637
4569,109656,indoor,"museum/indoor (0.3403421), beauty_salon (0.12109329), discotheque (0.10082172), art_gallery (0.060144514), dressing_room (0.04432284)",34637
4570,109680,indoor,"museum/indoor (0.46161494), dressing_room (0.084415875), art_gallery (0.07835551), discotheque (0.07524519), beauty_salon (0.04806978)",34637
4571,109704,indoor,"museum/indoor (0.4352635), beauty_salon (0.10696855), art_gallery (0.08662247), iceberg (0.048068922), science_museum (0.04212356)",34637
4572,109728,indoor,"beauty_salon (0.25225294), museum/indoor (0.24679284), art_gallery (0.075413845), dressing_room (0.0652077), shower (0.03904811)",34637
4573,109752,indoor,"museum/indoor (0.34099242), beauty_salon (0.15263598), art_gallery (0.10805443), shower (0.04188492), clean_room (0.03779973)",34637
4574,109776,indoor,"museum/indoor (0.26179367), beauty_salon (0.25424004), art_gallery (0.079152875), discotheque (0.06825786), dressing_room (0.03910676)",34637
4575,109800,indoor,"museum/indoor (0.4057603), art_gallery (0.13927221), beauty_salon (0.10075976), dressing_room (0.06562656), shower (0.05268708)",34637
4576,109824,indoor,"museum/indoor (0.39557767), art_gallery (0.15286276), dressing_room (0.06789003), beauty_salon (0.06542802), discotheque (0.059215195)",34637
4577,109848,indoor,"museum/indoor (0.20804663), beauty_salon (0.18087527), dressing_room (0.118623264), art_gallery (0.10122552), clean_room (0.063604034)",34637
4578,109872,indoor,"art_gallery (0.28569645), museum/indoor (0.21239845), dressing_room (0.20907483), shower (0.07184871), discotheque (0.029803403)",34637
4579,109896,indoor,"museum/indoor (0.3566113), art_gallery (0.34150004), shower (0.10942386), dressing_room (0.033890564), archive (0.026790803)",34637
4580,109920,indoor,"discotheque (0.91248316), dressing_room (0.035646167), stage/indoor (0.016529176), music_studio (0.009442997), art_gallery (0.0033703682)",34637
4581,109944,indoor,"discotheque (0.950401), stage/indoor (0.022842962), music_studio (0.0071406863), dressing_room (0.0056143696), science_museum (0.0023826985)",34637
4582,109968,indoor,"discotheque (0.8898947), stage/indoor (0.024732951), dressing_room (0.022560386), music_studio (0.012069602), art_gallery (0.0058372794)",34637
4583,109992,indoor,"discotheque (0.91726124), stage/indoor (0.043276623), music_studio (0.009228469), dressing_room (0.008693214), bar (0.0027262396)",34637
4584,110016,indoor,"discotheque (0.889747), stage/indoor (0.04248629), music_studio (0.010550631), science_museum (0.008169544), dressing_room (0.0066976906)",34637
4585,110040,indoor,"discotheque (0.9246812), stage/indoor (0.026298065), dressing_room (0.010389265), music_studio (0.008363148), museum/indoor (0.0044710822)",34637
4586,110064,indoor,"museum/indoor (0.7532244), art_gallery (0.10463414), clean_room (0.024571586), science_museum (0.023716483), discotheque (0.019541103)",34637
4587,110088,indoor,"museum/indoor (0.72378486), art_gallery (0.11321726), clean_room (0.040122986), science_museum (0.025752407), discotheque (0.017936034)",34637
4588,110112,indoor,"museum/indoor (0.40214437), art_gallery (0.106930844), beauty_salon (0.106111355), clean_room (0.045169137), discotheque (0.040377837)",34637
4589,110136,indoor,"museum/indoor (0.5095084), art_gallery (0.20452367), clean_room (0.082034506), science_museum (0.048273865), beauty_salon (0.021854376)",34637
4590,110160,indoor,"museum/indoor (0.30948618), dressing_room (0.14480224), iceberg (0.14318188), art_gallery (0.11088375), ice_shelf (0.04822129)",34637
4591,110184,indoor,"museum/indoor (0.25822407), art_gallery (0.16804771), discotheque (0.14882609), iceberg (0.07731724), dressing_room (0.053296387)",34637
4592,110208,outdoor,"iceberg (0.50620586), museum/indoor (0.14543402), ice_shelf (0.070014976), art_gallery (0.06856052), ice_floe (0.02607625)",34637
4593,110232,indoor,"museum/indoor (0.57733905), jewelry_shop (0.20868938), natural_history_museum (0.0336371), gift_shop (0.027480677), art_gallery (0.018354097)",34637
4594,110256,indoor,"museum/indoor (0.6595303), jewelry_shop (0.07631894), art_gallery (0.04819687), natural_history_museum (0.03939108), science_museum (0.01780916)",34637
4595,110280,indoor,"museum/indoor (0.7226551), jewelry_shop (0.03926103), art_gallery (0.037914857), natural_history_museum (0.031512722), archive (0.020187695)",34637
4596,110304,indoor,"museum/indoor (0.74066204), natural_history_museum (0.035785295), archive (0.03490686), jewelry_shop (0.03229379), art_gallery (0.030781524)",34637
4597,110328,indoor,"museum/indoor (0.8089611), art_gallery (0.023342302), jewelry_shop (0.021541087), archive (0.020604637), natural_history_museum (0.01859086)",34637
4598,110352,indoor,"museum/indoor (0.68301606), jewelry_shop (0.086187765), art_gallery (0.03925189), natural_history_museum (0.022192108), archive (0.017503027)",34637
4599,110376,indoor,"museum/indoor (0.88725835), art_gallery (0.086908415), dressing_room (0.0057614595), iceberg (0.004023739), ice_shelf (0.0037810602)",34637
4600,110400,outdoor,"museum/indoor (0.8471132), art_gallery (0.06611524), iceberg (0.0287495), ice_floe (0.027240254), ice_shelf (0.012834699)",34637
4601,110424,outdoor,"museum/indoor (0.93395925), art_gallery (0.052216854), iceberg (0.00211803), ice_floe (0.0018398361), ice_shelf (0.001726404)",34637
4602,110448,indoor,"discotheque (0.9365032), dressing_room (0.029066166), stage/indoor (0.0054089883), science_museum (0.005083387), art_gallery (0.0032632644)",34637
4603,110472,indoor,"discotheque (0.94986594), dressing_room (0.031734746), stage/indoor (0.0074003567), music_studio (0.0024284802), museum/indoor (0.0015558364)",34637
4604,110496,indoor,"discotheque (0.8754489), stage/indoor (0.043898776), dressing_room (0.028323533), museum/indoor (0.01910519), music_studio (0.0071127005)",34637
4605,110520,indoor,"discotheque (0.88366985), dressing_room (0.058320597), stage/indoor (0.031387758), music_studio (0.005774047), airplane_cabin (0.004093339)",34637
4606,110544,indoor,"discotheque (0.9449456), dressing_room (0.033529803), stage/indoor (0.006845087), science_museum (0.0018609123), museum/indoor (0.001731457)",34637
4607,110568,indoor,"museum/indoor (0.8123636), art_gallery (0.113947034), iceberg (0.011268123), dressing_room (0.009161294), ice_shelf (0.0066240234)",34637
4608,110592,outdoor,"iceberg (0.16798352), ice_shelf (0.16317374), ice_floe (0.14874172), ocean (0.07317949), desert/sand (0.057211295)",34637
4609,110616,indoor,"bathroom (0.7190278), shower (0.1312301), beauty_salon (0.053564914), jacuzzi/indoor (0.02208175), chemistry_lab (0.014707548)",34637
4610,110640,indoor,"bathroom (0.71004856), beauty_salon (0.11781868), shower (0.08578377), hotel_room (0.028915338), jacuzzi/indoor (0.012114358)",34637
4611,110664,indoor,"bathroom (0.42977604), beauty_salon (0.29220185), shower (0.08687889), hotel_room (0.069781326), jacuzzi/indoor (0.027389117)",34637
4612,110688,indoor,"discotheque (0.9546962), stage/indoor (0.014437205), airplane_cabin (0.006461171), music_studio (0.00571401), dressing_room (0.004881815)",34637
4613,110712,outdoor,"iceberg (0.82679456), ice_floe (0.06108992), hot_spring (0.040440362), ice_shelf (0.022421299), glacier (0.018781638)",34637
4614,110736,outdoor,"crevasse (0.2730656), ice_floe (0.22286709), ice_shelf (0.22115444), iceberg (0.1485554), glacier (0.098361194)",34637
4615,110760,indoor,"discotheque (0.5127959), museum/indoor (0.19555153), stage/indoor (0.13707362), classroom (0.07086312), archive (0.012230575)",34637
4616,110784,indoor,"discotheque (0.3776523), museum/indoor (0.30879363), stage/indoor (0.22772163), music_studio (0.022208093), classroom (0.014942876)",34637
4617,110808,indoor,"discotheque (0.56786716), museum/indoor (0.20171332), stage/indoor (0.11182863), music_studio (0.017557545), shower (0.01638028)",34637
4618,110832,indoor,"museum/indoor (0.6753034), discotheque (0.11163498), stage/indoor (0.065643586), aquarium (0.021948345), art_gallery (0.017684454)",34637
4619,110856,indoor,"museum/indoor (0.7964603), discotheque (0.09845665), stage/indoor (0.031453814), shower (0.011019069), art_gallery (0.0097564105)",34637
4620,110880,indoor,"museum/indoor (0.6738404), discotheque (0.064822346), archive (0.029031485), natural_history_museum (0.028000275), stage/indoor (0.02609028)",34637
4621,110904,indoor,"museum/indoor (0.30365127), ice_shelf (0.12686698), ice_floe (0.08991035), stage/indoor (0.061957378), archive (0.047782507)",34637
4622,110928,indoor,"museum/indoor (0.34425837), ice_shelf (0.19142145), ice_floe (0.107221596), archive (0.066935696), shower (0.041685782)",34637
4623,110952,outdoor,"museum/indoor (0.2760884), ice_shelf (0.17594962), archive (0.152641), cemetery (0.0850857), ice_floe (0.051660985)",34637
4624,110976,outdoor,"ice_shelf (0.31545866), ice_floe (0.29421905), shower (0.039536074), snowfield (0.03488547), orchard (0.027176296)",34637
4625,111000,outdoor,"ice_shelf (0.23271364), corn_field (0.097427614), ice_floe (0.09673602), discotheque (0.08400708), orchard (0.05893989)",34637
4626,111024,outdoor,"ice_shelf (0.40506893), ice_floe (0.22304673), shower (0.118899964), underwater/ocean_deep (0.027625393), ocean (0.02593628)",34637
4627,111048,outdoor,"ice_shelf (0.20166385), ice_floe (0.16235702), shower (0.15850906), orchard (0.13280405), corn_field (0.055724546)",34637
4628,111072,outdoor,"ice_shelf (0.31170964), ice_floe (0.13385576), orchard (0.08533512), shower (0.050058566), ocean (0.0491763)",34637
4629,111096,outdoor,"ice_floe (0.23601653), ice_shelf (0.16207926), underwater/ocean_deep (0.076423965), orchard (0.061822858), shower (0.045205966)",34637
4630,111120,outdoor,"ice_shelf (0.23548011), ice_floe (0.12606674), igloo (0.0839587), orchard (0.07683332), tree_farm (0.059243694)",34637
4631,111144,outdoor,"igloo (0.3172676), ice_floe (0.2671781), ice_shelf (0.15282173), shower (0.09632033), snowfield (0.046435915)",34637
4632,111168,outdoor,"ice_floe (0.23747942), ice_shelf (0.19435091), igloo (0.18291545), shower (0.08061496), cemetery (0.060843095)",34637
4633,111192,outdoor,"ice_floe (0.39227316), ice_shelf (0.17281258), igloo (0.09802612), shower (0.07311576), snowfield (0.04465229)",34637
4634,111216,outdoor,"ice_floe (0.48593476), ice_shelf (0.14151719), igloo (0.05348441), shower (0.048390917), snowfield (0.046115812)",34637
4635,111240,outdoor,"ice_floe (0.4673342), ice_shelf (0.1346124), shower (0.043655388), sky (0.038574252), snowfield (0.031253908)",34637
4636,111264,outdoor,"ice_floe (0.33638102), ice_shelf (0.10325167), snowfield (0.07991231), sky (0.06139221), shower (0.056346543)",34637
4637,111288,indoor,"shower (0.30556667), basement (0.06447228), hot_spring (0.05063191), snowfield (0.039621085), jail_cell (0.036038302)",34637
4638,111312,indoor,"shower (0.35360637), jail_cell (0.053049956), snowfield (0.04268615), elevator/door (0.030254308), tower (0.025413046)",34637
4639,111336,indoor,"clean_room (0.31366313), hospital (0.2644175), museum/indoor (0.04977081), archive (0.029382931), hospital_room (0.025558004)",34637
4640,111360,indoor,"hospital (0.24416193), museum/indoor (0.18167914), clean_room (0.079155214), pharmacy (0.064299665), drugstore (0.058850743)",34637
4641,111384,indoor,"office_cubicles (0.12717886), hospital (0.11750798), reception (0.090559), elevator/door (0.08655287), museum/indoor (0.08202307)",34637
4642,111408,indoor,"museum/indoor (0.32378942), clean_room (0.24553418), art_gallery (0.07150565), science_museum (0.039666608), elevator/door (0.03361386)",34637
4643,111432,indoor,"museum/indoor (0.20015411), reception (0.17477526), clean_room (0.16158704), elevator/door (0.0643976), hospital (0.05602147)",34637
4644,111456,indoor,"reception (0.29511642), museum/indoor (0.11094691), clean_room (0.08280657), hospital (0.074015796), office_cubicles (0.07124342)",34637
4645,111480,indoor,"clean_room (0.23147844), reception (0.19709875), museum/indoor (0.09847219), office_cubicles (0.063047536), server_room (0.051780418)",34637
4646,111504,indoor,"reception (0.49263364), museum/indoor (0.10846191), clean_room (0.0972878), office_cubicles (0.07337381), office (0.041719157)",34637
4647,111528,indoor,"museum/indoor (0.21178143), hospital (0.12215578), clean_room (0.10242516), pharmacy (0.08871728), drugstore (0.079691164)",34637
4648,111552,indoor,"hospital (0.18145746), museum/indoor (0.14871523), drugstore (0.09849521), pharmacy (0.095621005), locker_room (0.06748752)",34637
4649,111576,indoor,"hospital (0.27327296), clean_room (0.13133036), museum/indoor (0.0846827), cemetery (0.06977408), archive (0.04057589)",34637
4650,111600,indoor,"jail_cell (0.21895917), basement (0.18123975), shower (0.17518303), archive (0.027750699), bathroom (0.024767755)",34637
4651,111624,indoor,"museum/indoor (0.16792127), science_museum (0.15621264), booth/indoor (0.14394833), archive (0.09674456), natural_history_museum (0.08202574)",34637
4652,111648,indoor,"science_museum (0.2774079), museum/indoor (0.22180508), archive (0.17039536), cemetery (0.10794875), natural_history_museum (0.09484581)",34637
4653,111672,indoor,"science_museum (0.27340722), museum/indoor (0.2220897), archive (0.2059211), natural_history_museum (0.08356169), cemetery (0.07809848)",34637
4654,111696,indoor,"science_museum (0.28604358), museum/indoor (0.24074447), archive (0.18717203), natural_history_museum (0.09654813), cemetery (0.086396836)",34637
4655,111720,indoor,"science_museum (0.25621754), museum/indoor (0.24866252), archive (0.1839867), natural_history_museum (0.08874668), cemetery (0.080025375)",34637
4656,111744,indoor,"museum/indoor (0.27537477), science_museum (0.24523517), archive (0.16510096), cemetery (0.10475039), natural_history_museum (0.071913116)",34637
4657,111768,indoor,"science_museum (0.2585943), museum/indoor (0.24794768), archive (0.19041528), cemetery (0.10006142), natural_history_museum (0.087995455)",34637
4658,111792,indoor,"science_museum (0.25018156), museum/indoor (0.20139842), archive (0.19682573), cemetery (0.085026205), natural_history_museum (0.08091529)",34637
4659,111816,indoor,"science_museum (0.24917959), museum/indoor (0.22902514), archive (0.19088688), cemetery (0.103175394), natural_history_museum (0.09202779)",34637
4660,111840,indoor,"science_museum (0.22800055), museum/indoor (0.21684293), archive (0.14728321), cemetery (0.102622755), natural_history_museum (0.07573533)",34637
4661,111864,indoor,"museum/indoor (0.24305932), science_museum (0.235353), archive (0.22308356), cemetery (0.10817956), natural_history_museum (0.07871274)",34637
4662,111888,indoor,"science_museum (0.26758412), museum/indoor (0.22594836), archive (0.21321358), natural_history_museum (0.09482722), cemetery (0.05799503)",34637
4663,111912,indoor,"science_museum (0.24786963), archive (0.21586691), museum/indoor (0.20902574), natural_history_museum (0.079727545), cemetery (0.07665546)",34637
4664,111936,indoor,"science_museum (0.22236855), museum/indoor (0.2204805), archive (0.18813896), cemetery (0.13089414), natural_history_museum (0.06243034)",34637
